currents_20100915.json
{"header": {"parameterCategory":2,"parameterNumber":2,"nx":74,"ny":54,"lo1":27.46,"la1":47.1,"lo2":42.58,"la2":40.43,"dx":0.20712328767123284,"dy":0.12584905660377363,"refTime":"2010-09-15T12:00:00"}, "data":
[rows 22 to 43 of 54, columns 0 to 48 of 74]
0.0,0.0,0.0,0.0,0.0,0.0,-0.01059787068516016,-0.06780791282653809,-0.1091352105140686,-0.06766903400421143,-0.048225391656160355,-0.030866989865899086,-0.026597969233989716,-0.017116764560341835,-0.01736539416015148,-0.023178787901997566,-0.022671060636639595,-0.0123817203566432,-0.04201100021600723,-0.06478535383939743,-0.10438643395900726,-0.15697963535785675,-0.18872198462486267,-0.14730174839496613,-0.08018466830253601,-0.01994018442928791,0.014172153547406197,0.022571301087737083,0.045150354504585266,0.09998802840709686,0.1693400889635086,0.11523303389549255,-0.0005255130818113685,-0.14757946133613586,-0.20030976831912994,-0.2277671843767166,-0.22409524023532867,-0.19833631813526154,-0.16764359176158905,-0.1349194347858429,-0.11900419741868973,-0.10564152896404266,-0.0866718739271164,-0.07285220175981522,-0.05635683238506317,-0.0443497896194458,-0.041156429797410965,-0.08393453806638718,-0.1464163064956665
0.0,0.0,0.0,0.0,0.0,0.0,-0.020834526047110558,-0.07935384660959244,-0.06077989563345909,-0.03937521576881409,-0.029835425317287445,-0.04643389210104942,-0.028198830783367157,-0.023389700800180435,-0.015385827049612999,-0.015066714026033878,-0.017831746488809586,0.009421621449291706,0.005327929276973009,-0.026970524340867996,-0.06267061084508896,-0.1161881536245346,-0.17799487709999084,-0.23396344482898712,-0.21881413459777832,-0.17542245984077454,-0.15540781617164612,-0.13036401569843292,-0.1312454491853714,-0.14050084352493286,-0.08006187528371811,-0.08429194241762161,-0.1839476078748703,-0.19247865676879883,-0.17992879450321198,-0.17244797945022583,-0.17730581760406494,-0.18912404775619507,-0.19202491641044617,-0.17328427731990814,-0.16537712514400482,-0.1664508730173111,-0.16084685921669006,-0.15542352199554443,-0.14395560324192047,-0.12022442370653152,-0.11765063554048538,-0.15297606587409973,-0.18711870908737183
0.0,0.0,0.0,0.0,0.0,0.0,-0.007505756802856922,-0.060706935822963715,-0.011000615544617176,0.00804193690419197,-0.02632097713649273,-0.037279270589351654,-0.019550079479813576,-0.01038369257003069,0.013949434272944927,0.04298480227589607,0.04595387727022171,0.040437981486320496,0.05015115067362785,0.017064789310097694,-0.022924231365323067,-0.07313504815101624,-0.11804500967264175,-0.17150337994098663,-0.22454890608787537,-0.2414526641368866,-0.2407340109348297,-0.26185739040374756,-0.2972709536552429,-0.3006477355957031,-0.32799193263053894,-0.342510461807251,-0.2684992253780365,-0.21181735396385193,-0.16508781909942627,-0.13723580539226532,-0.14062394201755524,-0.16392384469509125,-0.19199492037296295,-0.20097260177135468,-0.19060057401657104,-0.19357044994831085,-0.19750981032848358,-0.21025912463665009,-0.1964053064584732,-0.18309903144836426,-0.17514820396900177,-0.1941535919904709,-0.20685726404190063
0.0,0.0,0.0,0.0,0.0,0.0,-0.03349155932664871,-0.014177902601659298,0.038993313908576965,-0.03344161808490753,-0.0741758868098259,-0.03546025604009628,-0.006274407263845205,0.013299048878252506,0.028901098296046257,0.05152052268385887,0.08621571958065033,0.10494723916053772,0.08483079820871353,0.05955479294061661,-0.00047847192035987973,-0.04578734189271927,-0.09242446720600128,-0.11769841611385345,-0.15728114545345306,-0.19702662527561188,-0.22050076723098755,-0.24245645105838776,-0.30798277258872986,-0.3673442006111145,-0.3687000870704651,-0.34350013732910156,-0.28477710485458374,-0.20129306614398956,-0.13367395102977753,-0.09382812678813934,-0.09410927444696426,-0.12673132121562958,-0.1697852611541748,-0.20188070833683014,-0.2057088017463684,-0.19948865473270416,-0.21038731932640076,-0.22216735780239105,-0.21139658987522125,-0.20357348024845123,-0.20456677675247192,-0.19981823861598969,-0.19363802671432495
0.0,0.0,0.0,0.0,0.0,0.0,-0.029531927779316902,-0.005459195468574762,-0.11543569713830948,-0.12945415079593658,-0.060573264956474304,-0.03176721930503845,-0.01773044466972351,0.011005476117134094,0.03504369780421257,0.06395222246646881,0.08860950917005539,0.09947046637535095,0.09429441392421722,0.0650763213634491,0.00459328293800354,-0.042019862681627274,-0.07698292285203934,-0.10549557209014893,-0.11625000089406967,-0.13108596205711365,-0.15412059426307678,-0.1732109636068344,-0.19781790673732758,-0.22382469475269318,-0.2481957972049713,-0.2494160234928131,-0.2075747549533844,-0.14628282189369202,-0.09062594920396805,-0.05005142092704773,-0.042992811650037766,-0.08067074418067932,-0.14086340367794037,-0.18345487117767334,-0.2133549600839615,-0.2059668004512787,-0.19784049689769745,-0.19142240285873413,-0.1920163482427597,-0.18451622128486633,-0.17175664007663727,-0.15355893969535828,-0.12341709434986115
0.0,0.0,0.0,0.0,0.0,0.0,-0.03953774645924568,-0.12724214792251587,-0.16517327725887299,-0.08725174516439438,-0.06695401668548584,-0.08178497850894928,-0.06765817850828171,-0.03494873270392418,0.004637600854039192,0.04571034759283066,0.07289163768291473,0.06979216635227203,0.05805433541536331,0.03373757004737854,-0.005621097516268492,-0.04050329327583313,-0.04436856508255005,-0.07056093215942383,-0.09770166873931885,-0.10410942882299423,-0.11568225175142288,-0.13720621168613434,-0.1581403911113739,-0.16521206498146057,-0.16543833911418915,-0.16219887137413025,-0.14361412823200226,-0.10415615886449814,-0.06369789689779282,-0.03318113461136818,-0.01247019786387682,-0.038943395018577576,-0.09846648573875427,-0.16462065279483795,-0.19849911332130432,-0.20454926788806915,-0.2003040909767151,-0.17731963098049164,-0.15283262729644775,-0.13163799047470093,-0.09616391360759735,-0.06697952747344971,-0.041834138333797455
0.0,0.0,0.0,0.0,0.0,0.0,-0.0599510632455349,-0.15096434950828552,-0.10832592099905014,-0.08927017450332642,-0.12952972948551178,-0.15657879412174225,-0.1473294496536255,-0.10110299289226532,-0.0405091717839241,0.010328722186386585,0.03361291438341141,0.023041069507598877,0.004938799887895584,-0.015447501093149185,-0.027776168659329414,-0.03099501132965088,-0.026946160942316055,-0.04839466139674187,-0.07408633083105087,-0.09104440361261368,-0.0936945229768753,-0.09362493455410004,-0.10179253667593002,-0.11403793841600418,-0.12475572526454926,-0.1300334632396698,-0.1264825314283371,-0.10432902723550797,-0.0734148770570755,-0.040326427668333054,-0.018968921154737473,-0.021144941449165344,-0.0602642223238945,-0.12540467083454132,-0.17039838433265686,-0.18263091146945953,-0.17669008672237396,-0.16185232996940613,-0.14030857384204865,-0.10954760760068893,-0.05991413816809654,-0.003877051407471299,0.03663840517401695
0.0,0.0,0.0,0.0,0.0,0.0,-0.14997385442256927,-0.14943665266036987,-0.11155979335308075,-0.14778932929039001,-0.19424030184745789,-0.20766733586788177,-0.1778479665517807,-0.15132181346416473,-0.09844625741243362,-0.056091610342264175,-0.0429781936109066,-0.052289221435785294,-0.0628773644566536,-0.0717187225818634,-0.05596638843417168,-0.027425799518823624,-0.02517678774893284,-0.04583153501152992,-0.05318587273359299,-0.07256350666284561,-0.07070821523666382,-0.060205962508916855,-0.048035357147455215,-0.048423197120428085,-0.06099308654665947,-0.0656530112028122,-0.0620415024459362,-0.06271340698003769,-0.07215059548616409,-0.06144189089536667,-0.034600283950567245,-0.02108602039515972,-0.0352688804268837,-0.07974596321582794,-0.11639327555894852,-0.14325086772441864,-0.15050749480724335,-0.13847565650939941,-0.11464010179042816,-0.08630471676588058,-0.058414019644260406,-0.015995385125279427,0.04425652325153351
0.0,0.0,0.0,-0.012804732657968998,0.0049805124290287495,-0.07576828449964523,-0.2018599659204483,-0.13701802492141724,-0.16682220995426178,-0.18983890116214752,-0.19410082697868347,-0.19106674194335938,-0.17867930233478546,-0.16582830250263214,-0.16556453704833984,-0.13764870166778564,-0.13558484613895416,-0.13582581281661987,-0.12847372889518738,-0.11271572858095169,-0.07872415333986282,-0.020435241982340813,-0.0305918101221323,-0.04646489396691322,-0.05412262678146362,-0.0647406354546547,-0.05357225984334946,-0.031796373426914215,-0.016828026622533798,-0.004485133569687605,0.0015897531993687153,0.0018089688383042812,-0.007613650057464838,-0.023986974731087685,-0.03398525342345238,-0.05667838826775551,-0.04762321338057518,-0.028171734884381294,-0.013575948774814606,-0.0316903218626976,-0.06045318767428398,-0.08981749415397644,-0.10469483584165573,-0.11180508136749268,-0.09334155172109604,-0.0756966695189476,-0.06326325237751007,-0.046961668878793716,-0.007780838292092085
0.0,0.0,0.0,-0.006305900868028402,0.028882326558232307,-0.19380620121955872,-0.17595359683036804,-0.17004002630710602,-0.19229812920093536,-0.17969803512096405,-0.14952372014522552,-0.13375097513198853,-0.14224228262901306,-0.1615498811006546,-0.19418607652187347,-0.20151926577091217,-0.1970822811126709,-0.19483347237110138,-0.17288604378700256,-0.1329236626625061,-0.06360087543725967,-0.039147138595581055,-0.04179203137755394,-0.03997039049863815,-0.0517902709543705,-0.05011507868766785,-0.029638351872563362,-0.00808370765298605,0.012106248177587986,0.028467046096920967,0.03164513036608696,0.030338671058416367,0.016463937237858772,0.002817187923938036,-0.011976176872849464,-0.016992269083857536,-0.03864576667547226,-0.022285668179392815,0.00751315476372838,0.017439302057027817,-0.0059323059394955635,-0.03898575156927109,-0.06065841019153595,-0.07593882828950882,-0.07462193816900253,-0.06801587343215942,-0.0860668420791626,-0.09026727825403214,-0.06748439371585846
0.0,0.0,0.005584020167589188,0.062049124389886856,-0.11468132585287094,-0.25880321860313416,-0.16928249597549438,-0.17197202146053314,-0.16393858194351196,-0.135153666138649,-0.11341741681098938,-0.09727649390697479,-0.09950800240039825,-0.12791931629180908,-0.16844864189624786,-0.22255003452301025,-0.22326983511447906,-0.20763112604618073,-0.16671644151210785,-0.10579814016819,-0.04615820571780205,-0.030017616227269173,-0.01593918539583683,-0.010974266566336155,-0.016330311074852943,-0.009356538765132427,0.0025165299884974957,0.027606306597590446,0.04638077691197395,0.05478569492697716,0.047055553644895554,0.04170423001050949,0.028553593903779984,0.01706811785697937,0.008238987997174263,0.008898784406483173,0.00873898807913065,0.003487498965114355,0.022587332874536514,0.03998146206140518,0.02739829011261463,-0.005488239694386721,-0.025509977713227272,-0.04048353061079979,-0.04753183200955391,-0.055413272231817245,-0.08936291188001633,-0.12848950922489166,-0.13523216545581818
0.0,0.0,0.005696028005331755,-0.053305938839912415,-0.2570643424987793,-0.20525120198726654,-0.14628303050994873,-0.1424112170934677,-0.11730289459228516,-0.09528732299804688,-0.08328359574079514,-0.07162736356258392,-0.06669488549232483,-0.08937976509332657,-0.13344073295593262,-0.1643199771642685,-0.1989206075668335,-0.18479278683662415,-0.13513250648975372,-0.07132112234830856,-0.030948489904403687,-0.026075368747115135,-0.01408852357417345,-0.00016755779506638646,0.007803336717188358,0.024370618164539337,0.051968786865472794,0.06346099078655243,0.05963778868317604,0.0533711202442646,0.05124228447675705,0.0610714890062809,0.054094888269901276,0.03707009553909302,0.025697605684399605,0.021545520052313805,0.032799191772937775,0.04747918248176575,0.058963555842638016,0.06110993027687073,0.04836543649435043,0.025626905262470245,0.009194968268275261,-0.018012715503573418,-0.02610991708934307,-0.04629379138350487,-0.07848679274320602,-0.13285620510578156,-0.16688360273838043
0.0,0.0,-0.005842624697834253,-0.182358056306839,-0.21768836677074432,-0.12201220542192459,-0.11221417784690857,-0.10397785902023315,-0.08239476382732391,-0.06723973900079727,-0.05875439569354057,-0.05420136824250221,-0.049468994140625,-0.06422049552202225,-0.09416583180427551,-0.1317828744649887,-0.13588257133960724,-0.12303591519594193,-0.08991575241088867,-0.06970339268445969,-0.05652478337287903,-0.03948159143328667,-0.02151011861860752,0.008870472200214863,0.03952133655548096,0.048104770481586456,0.05374845862388611,0.029342159628868103,0.013232226483523846,0.029374750331044197,0.0506773442029953,0.08699087053537369,0.11677607148885727,0.08579109609127045,0.05335034802556038,0.04453409090638161,0.04633864015340805,0.05841339752078056,0.0728629007935524,0.08273622393608093,0.06808536499738693,0.05559965595602989,0.03949400782585144,0.010792872868478298,-0.013309034518897533,-0.030192585662007332,-0.055572252720594406,-0.09514154493808746,-0.136539027094841
0.0,0.0011937730014324188,0.02838739939033985,-0.14682002365589142,-0.11753731220960617,-0.07607536762952805,-0.08038938790559769,-0.07212959229946136,-0.05782194435596466,-0.04333079606294632,-0.0428818017244339,-0.041749853640794754,-0.04044279456138611,-0.053630467504262924,-0.07430899143218994,-0.09109148383140564,-0.09861686080694199,-0.10003958642482758,-0.08228033781051636,-0.06052999570965767,-0.03483227267861366,-0.012252150103449821,0.0049812099896371365,0.037746913731098175,0.06508129090070724,0.056555382907390594,-0.005250286776572466,-0.05189083516597748,-0.012437386438250542,0.02091139368712902,0.08010191470384598,0.14078886806964874,0.17836257815361023,0.1622859388589859,0.0987234115600586,0.08125612884759903,0.09234072268009186,0.10584801435470581,0.09776824712753296,0.08579682558774948,0.08450334519147873,0.08147415518760681,0.06884787231683731,0.04702112451195717,0.014889606274664402,-0.008310623466968536,-0.026781244203448296,-0.04598268121480942,-0.08212694525718689
0.0,0.0316636748611927,0.010561389848589897,-0.09422439336776733,-0.055924881249666214,-0.06053300201892853,-0.0645960122346878,-0.05538271740078926,-0.04431616887450218,-0.04877021163702011,-0.05270616337656975,-0.04436485841870308,-0.037953950464725494,-0.04996710643172264,-0.0613081268966198,-0.06072905659675598,-0.06283056735992432,-0.06449126452207565,-0.061064381152391434,-0.04902547970414162,-0.02909095399081707,-0.004558502230793238,0.023122264072299004,0.03840320184826851,0.057248909026384354,0.012187053449451923,-0.05654951184988022,-0.024940665811300278,0.03387284651398659,0.08277617394924164,0.1443435698747635,0.19801150262355804,0.23835234344005585,0.22619935870170593,0.17650623619556427,0.1444525271654129,0.15017619729042053,0.1637544482946396,0.16192364692687988,0.12993551790714264,0.10393736511468887,0.09751234203577042,0.09518496692180634,0.0854220986366272,0.06327325105667114,0.030250124633312225,0.0098104951903224,-0.0050172810442745686,-0.025207674130797386
-0.007241499610245228,0.020372450351715088,-0.086057148873806,-0.054480306804180145,0.026574891060590744,-0.007544585969299078,-0.047718871384859085,-0.04322854429483414,-0.04438129439949989,-0.06791935861110687,-0.0761721208691597,-0.06857693940401077,-0.0515090748667717,-0.040010713040828705,-0.04086992144584656,-0.04242963343858719,-0.04120480269193649,-0.04279625788331032,-0.037827443331480026,-0.0292433500289917,-0.016632763668894768,0.01050998643040657,0.047235697507858276,0.059611473232507706,0.04637644439935684,0.013859433121979237,-0.005213270895183086,0.02747523970901966,0.05654376372694969,0.054401591420173645,0.08224241435527802,0.1326231211423874,0.18867172300815582,0.2250434309244156,0.2265630066394806,0.21349817514419556,0.21525569260120392,0.23055194318294525,0.22951529920101166,0.19759906828403473,0.16763532161712646,0.14588221907615662,0.12460685521364212,0.11454861611127853,0.10918115824460983,0.08530300110578537,0.05725561082363129,0.035941231995821,0.029168542474508286
0.0,0.0,-0.005981195252388716,0.031944483518600464,0.11540266126394272,0.12799417972564697,-0.0015056813135743141,-0.02449500933289528,-0.04208197444677353,-0.061313118785619736,-0.06585539132356644,-0.05682055652141571,-0.04905838146805763,-0.050112564116716385,-0.05381900817155838,-0.04735734313726425,-0.034891530871391296,-0.024938710033893585,-0.01477587316185236,-0.006544794421643019,0.0038318901788443327,0.017770938575267792,0.0494471900165081,0.09036465734243393,0.08752534538507462,0.1287795752286911,0.1889161616563797,0.20658184587955475,0.1448901891708374,0.08380648493766785,0.04089588299393654,0.04964975267648697,0.07801882922649384,0.14953655004501343,0.2359045147895813,0.28770822286605835,0.33488813042640686,0.3324134349822998,0.28459712862968445,0.2552638351917267,0.2628933787345886,0.2544148862361908,0.21550707519054413,0.16993997991085052,0.13980454206466675,0.12150697410106659,0.10170823335647583,0.08316943049430847,0.06189817190170288
0.0,0.0,0.12092705816030502,0.14174965023994446,0.09449639916419983,0.1673959195613861,0.06963096559047699,0.004430573899298906,-0.02370980754494667,-0.03823726996779442,-0.04448097199201584,-0.044010430574417114,-0.017369862645864487,0.008153037168085575,0.004536187741905451,-0.014685078524053097,-0.014321217313408852,-0.00856149010360241,-0.008686172775924206,-0.004603778477758169,0.0234810933470726,0.039207201451063156,-0.03308277204632759,0.005122791975736618,0.08332504332065582,0.17632509768009186,0.28311687707901,0.35291585326194763,0.43346935510635376,0.38876959681510925,0.20923739671707153,0.08471734821796417,0.07597113400697708,0.13870440423488617,0.2417781949043274,0.3183062672615051,0.3913654088973999,0.4020718038082123,0.3068734109401703,0.2746395766735077,0.35738226771354675,0.3932322859764099,0.33678075671195984,0.2513986825942993,0.1962227076292038,0.15289314091205597,0.1245739534497261,0.11328256130218506,0.10162483900785446
0.0,0.0,0.0,0.20520912110805511,0.13996319472789764,0.11731553822755814,0.09636419266462326,0.03664481267333031,0.007147700991481543,-0.008207667618989944,-0.018920158967375755,-0.03467712923884392,-0.02605734020471573,0.006638517137616873,0.03127128630876541,0.03347208723425865,0.012278842739760876,0.0010579039808362722,0.014127811416983604,0.0454743392765522,0.0872684195637703,0.10723897814750671,0.1325482726097107,0.14022374153137207,0.22326970100402832,0.32267388701438904,0.41840192675590515,0.5372304916381836,0.534866213798523,0.49093055725097656,0.4282298982143402,0.38216105103492737,0.2658798098564148,0.18671126663684845,0.24671314656734467,0.2147371470928192,0.13905568420886993,0.15304839611053467,0.2743417024612427,0.21794533729553223,0.3067948818206787,0.34812596440315247,0.34656214714050293,0.30629125237464905,0.26360028982162476,0.21399013698101044,0.15674740076065063,0.13090640306472778,0.13225165009498596
0.0,0.0,0.0,-0.009015021845698357,0.10876702517271042,0.04996199160814285,0.04799233004450798,0.06195095553994179,0.04202043637633324,0.026933172717690468,0.02553010731935501,0.01148948259651661,-0.0030165344942361116,-0.00220451015047729,0.019579924643039703,0.03355102986097336,0.05936150997877121,0.07889149338006973,0.09499026089906693,0.12595170736312866,0.14489050209522247,0.18303582072257996,0.24411089718341827,0.3507966101169586,0.47664833068847656,0.5268807411193848,0.42421314120292664,0.21713818609714508,0.0,0.0,0.0,0.0,0.0,0.018686655908823013,0.0,0.027712063863873482,0.0,0.006702083628624678,0.09669621288776398,0.2345028817653656,0.16294504702091217,0.1571718454360962,0.21745380759239197,0.28204989433288574,0.32195842266082764,0.2817275822162628,0.2060520201921463,0.15917165577411652,0.1550973802804947
0.0,0.0,0.0,-0.03916962072253227,0.014685207046568394,-0.0428617000579834,0.013268315233290195,0.08030631393194199,0.07795991748571396,0.06684810668230057,0.0623420886695385,0.05425618588924408,0.009896458126604557,0.027989907190203667,0.041192103177309036,0.04275377467274666,0.031437989324331284,0.03768729045987129,0.09107993543148041,0.14666402339935303,0.18878298997879028,0.22432896494865417,0.2755016088485718,0.3933655023574829,0.26943182945251465,0.12705712020397186,0.03771597892045975,0.0,0.0,0.0,0.0,0.0,0.0,0.0,0.0,0.0,0.0,0.015258424915373325,0.038427483290433884,0.0792999416589737,0.08572002500295639,0.1945568025112152,0.1789163202047348,0.23485884070396423,0.3547292947769165,0.3443238139152527,0.2650471329689026,0.21423989534378052,0.20035023987293243
0.0,0.0,0.0,-0.012140575796365738,0.00711095193400979,-0.01044530514627695,0.08936382085084915,0.13432630896568298,0.14605830609798431,0.1367996484041214,0.12394331395626068,0.12940236926078796,0.10989544540643692,0.05341246351599693,0.07834018021821976,0.10009919106960297,0.07725215703248978,0.05664887651801109,0.09828706085681915,0.16014723479747772,0.20135538280010223,0.2761530578136444,0.356423944234848,0.09196627885103226,0.0,0.0,0.0,0.0,0.0,0.0,0.0,0.0,0.0,0.0,0.0,0.0,0.0,0.0,0.0,0.06576584279537201,0.08320533484220505,0.0,0.09361913055181503,0.15526531636714935,0.21603399515151978,0.27786704897880554,0.28107595443725586,0.26527324318885803,0.2586580216884613
