currents_20100913.json
{"header": {"parameterCategory":2,"parameterNumber":3,"nx":74,"ny":54,"lo1":22.5,"la1":41.2,"lo2":27.0,"la2":38.2,"dx":0.06164383561643835,"dy":0.05660377358490566,"refTime":"2010-09-13T12:00:00"}, "data":
[rows 0 to 20 of 54, columns 0 to 46 of 74]
0.0,0.0,0.0,0.0,0.0,0.0,0.0,0.0,0.0,0.0,0.0,0.0,0.0,0.0,0.0,0.0,0.0,0.0,0.0,0.0,0.0,0.0,0.0,0.0,0.0,0.0,0.0,0.0,0.0,0.0,0.0,0.0,0.0,0.0,0.0,0.0,0.0,0.0,0.0,0.0,0.0,0.0,0.0,0.0,0.0,0.0,0.0
0.0,0.0,0.0,0.0,0.0,0.0,0.0,0.0,0.0,0.0,0.0,0.0,0.0,0.0,0.0,0.0,0.0,0.0,0.0,0.0,0.0,0.0,0.0,0.0,0.0,0.0,0.0,0.0,0.0,0.0,0.0,0.0,0.0,0.0,0.0,0.0,0.0,0.0,0.0,0.0,0.0,0.0,0.0,0.0,0.0,0.0,0.0
0.0,0.0,0.0,0.0,0.0,0.0,0.0,0.0,0.0,0.0,0.0,0.0,0.0,0.0,0.0,0.0,0.0,0.0,0.0,0.0,0.0,0.0,0.0,0.0,0.0,0.0,0.0,0.0,0.0,0.0,0.0,0.0,0.0,0.0,0.0,0.0,0.0,0.0,0.0,0.0,0.0,0.0,0.0,0.0,0.0,0.0,0.0
0.0,0.0,0.0,0.0,0.0,0.0,0.0,0.0,0.0,0.0,0.0,0.0,0.0,0.0,0.0,0.0,0.0,0.0,0.0,0.0,0.0,0.0,0.0,0.0,0.0,0.0,0.0,0.0,0.0,0.0,0.0,0.0,0.0,0.0,0.0,0.0,0.0,0.0,0.0,0.0,0.0,0.0,0.001515248790383339,0.0014216338749974966,0.0,0.0,0.0
0.0,0.0,0.0,0.0,0.0,0.0,0.0,0.0,0.0,0.0,0.0,0.0,0.0,0.0,0.0,0.0,0.0,0.0,0.0,0.0,0.0,0.0,0.0,0.0,0.0,0.0,0.0,0.0,0.0,0.0,0.0,0.0,0.0,0.0,0.0,0.0,0.0,0.0,0.0,0.0,0.0,0.0015747029101476073,0.006550562102347612,0.0014216338749974966,0.0,0.0,0.0
0.0,0.0,0.0,0.0,0.0,0.0,0.0,0.0,0.0,0.0,0.0,0.0,0.0,0.0,0.0,0.0,0.0,0.0,0.0,0.0,0.0,0.0,0.0,0.0,0.0,0.0,0.0,0.0,0.0,0.0,0.0,-0.015105892904102802,0.004138125106692314,0.004138125106692314,-0.030153442174196243,0.0,0.0,0.0,0.0,0.024735383689403534,0.02737489528954029,0.0106950793415308,-0.001736238831654191,-0.030938606709241867,-0.049069441854953766,-0.04758768901228905,-0.04573414474725723
0.0,0.0,0.0,0.0,0.0,0.0,0.0,0.0,0.0,0.0,0.0,0.0,0.0,0.0,0.0,0.0,0.0,0.0,0.0,0.0,0.0,0.0,0.0,0.0,0.0,0.0,0.0,0.0,0.0,0.0,0.003505223896354437,-0.018883831799030304,0.00889174547046423,-0.011729144491255283,-0.05258526653051376,-0.008016066625714302,0.0,-0.0328139066696167,0.007460855413228273,0.0516868531703949,0.054028891026973724,0.027177317067980766,-0.010450245812535286,-0.050862692296504974,-0.08246714621782303,-0.09431466460227966,-0.1000811830163002
0.0,0.0,0.0,0.0,0.0,0.0,0.0,0.0,0.0,0.0,0.0,0.0,0.0,0.0,0.0,0.0,0.0,0.0,0.0,0.0,0.0,0.0,0.0,0.0,0.0,0.0,0.0,0.0,0.0,0.013193723745644093,0.027503952383995056,0.00798448920249939,0.04360177367925644,0.04301470145583153,0.018299555405974388,-0.004784714430570602,-0.07474448531866074,-0.08417223393917084,0.010322486981749535,0.053800951689481735,0.04532071202993393,0.014773594215512276,-0.023847682401537895,-0.062435541301965714,-0.09907274693250656,-0.12645407021045685,-0.1523357331752777
0.0,0.0,0.0,0.0,0.0,0.0,0.0,0.0,0.0,0.0,0.0,0.0,0.0,0.0,0.0,0.0,0.0,0.0,0.0,0.0017546297749504447,0.01923106424510479,0.0078770462423563,-0.033990900963544846,-0.03716372698545456,-0.031562332063913345,-0.004950302187353373,0.0,0.034425582736730576,0.033591415733098984,0.04445432499051094,0.005542014259845018,-0.014137987047433853,0.004100969526916742,0.018191324546933174,0.00776042090728879,0.0,-0.054123345762491226,-0.04244868829846382,0.027082420885562897,0.0850520059466362,0.07522276043891907,0.023814521729946136,-0.024213900789618492,-0.06741062551736832,-0.10721683502197266,-0.14745424687862396,-0.1780703067779541
0.0,0.0,0.0,0.0,0.0,0.0,0.0,0.0,0.0,0.0,0.0,0.0,0.0,0.0,0.0,0.0,0.0,0.0,0.0,0.0017546297749504447,0.023056644946336746,-0.00755545636638999,-0.04942340403795242,-0.06705795228481293,-0.029376817867159843,-0.005103887524455786,0.03222334384918213,0.07710746675729752,0.07586222141981125,0.014074067585170269,-0.024838242679834366,-0.05034475028514862,-0.09214726090431213,-0.07805690169334412,0.0,0.0,0.0,0.011674657464027405,0.08362144976854324,0.1571761816740036,0.100723497569561,0.049315255135297775,-0.023246657103300095,-0.06169954687356949,-0.1048939973115921,-0.1538839489221573,-0.1904279887676239
0.0,0.0,0.0,0.0,0.0,0.0,0.0,0.0,0.0,0.0,0.0,0.0,0.0,0.0,0.0,0.0,0.0,0.0,0.0,0.0013093840098008513,0.0013093840098008513,-0.016252079978585243,-0.0464291013777256,-0.08341160416603088,0.0004876175371464342,0.0430523082613945,0.07683519273996353,0.12260736525058746,0.07845201343297958,0.00702700624242425,-0.06284148246049881,-0.10249911993741989,-0.18935538828372955,-0.13738785684108734,0.0,0.0,0.0,0.05641300231218338,0.17599423229694366,0.27045658230781555,0.1768864542245865,0.06297536939382553,-0.02759927324950695,-0.04487370327115059,-0.10130494087934494,-0.15679043531417847,-0.18879520893096924
0.0,0.0,0.0,0.0,0.0,0.027059979736804962,0.015239478088915348,0.009846281260251999,0.0012677477207034826,0.0,0.0,0.0,0.0,0.0,0.0,0.0,0.0,0.0,0.0,0.0,0.0,0.0,-0.011887782253324986,-0.029528843238949776,-0.013758247718214989,0.009564178064465523,0.048864077776670456,0.14834502339363098,0.0645318403840065,-0.0029027860146015882,-0.051499977707862854,-0.09033618867397308,-0.1662529706954956,-0.18018241226673126,-0.07978242635726929,-0.05504876375198364,-0.0847877636551857,-0.021751783788204193,0.20259545743465424,0.26643291115760803,0.16884088516235352,0.03762272000312805,-0.007097046356648207,-0.0414947047829628,-0.10762526094913483,-0.16351169347763062,-0.1876469999551773
0.0,0.0,0.004786554723978043,0.004786554723978043,0.006439195945858955,0.01615103706717491,0.017105817794799805,0.010525383986532688,0.0012677477207034826,0.0,0.0,0.0,0.0,0.0,0.0,0.0,0.0,0.0,0.0,0.0,0.0,0.0,0.0,0.0006303146947175264,-0.04580109938979149,-0.022478673607110977,0.04137421399354935,0.14847704768180847,0.060722798109054565,-0.005813512951135635,-0.05441070720553398,-0.08046820759773254,-0.13913163542747498,-0.15306106209754944,-0.1671808362007141,-0.14192110300064087,-0.1661023646593094,-0.03695684298872948,0.18739040195941925,0.24665367603302002,0.16017676889896393,0.05257459357380867,-0.0007928552804514766,-0.04632671922445297,-0.10120835155248642,-0.1548321545124054,-0.19002841413021088
0.0,0.0,0.00722550880163908,0.016314446926116943,0.020735464990139008,0.006277146283537149,4.828541568713263e-05,4.828541568713263e-05,4.828541568713263e-05,0.0,0.0,0.0,0.0,0.0,0.0,0.0,0.0,0.0,0.0,0.0,0.0,0.0,0.0013095908798277378,0.003914731089025736,-0.044952306896448135,-0.023239977657794952,0.040516529232263565,0.11903703212738037,0.04452870786190033,-0.023422524333000183,-0.06848575174808502,-0.07043987512588501,-0.12800763547420502,-0.18263335525989532,-0.22451026737689972,-0.24131028354167938,-0.16282235085964203,-0.030484184622764587,0.1265668123960495,0.21205918490886688,0.14414934813976288,0.05581987276673317,-0.006913245655596256,-0.052241917699575424,-0.0988868921995163,-0.1474110633134842,-0.19689586758613586
0.0,0.0,0.0012490999652072787,-0.010851123370230198,-0.009045173414051533,0.021108265966176987,0.017808644101023674,0.0,0.0,0.0,0.0,0.0,0.0,0.0,0.0,0.0,0.0,0.0,0.0,0.0,0.0,0.0,0.0,0.0006607378600165248,-0.01983151212334633,-0.04388980194926262,-0.0031490519177168608,0.05796549469232559,0.048950571566820145,-0.024549154564738274,-0.09718950092792511,-0.10917637497186661,-0.14210431277751923,-0.15383154153823853,-0.18287843465805054,-0.19584162533283234,-0.1957099586725235,-0.11740376055240631,-0.000511187594383955,0.08239667862653732,0.10765297710895538,0.033455897122621536,-0.012233007699251175,-0.059166885912418365,-0.1009240597486496,-0.12455566972494125,-0.15466292202472687
0.0,0.0,-0.02076980657875538,-0.014765131287276745,-0.003331551793962717,0.04412784427404404,0.05323126167058945,0.011159364134073257,0.0030705290846526623,0.0,0.0,0.0,0.0,0.0,0.0,0.0,0.0,0.0,0.0,0.0006003225571475923,0.0038924983236938715,0.0038924983236938715,-0.003198478138074279,-0.012586191296577454,-2.4747856514295563e-05,-0.024083036929368973,-0.03145013004541397,0.017508771270513535,0.012772449292242527,-0.028515873476862907,-0.10115621984004974,-0.14481373131275177,-0.1575494259595871,-0.1310448944568634,-0.1433974951505661,-0.14439280331134796,-0.192534938454628,-0.15505246818065643,-0.11564996838569641,-0.03641723841428757,-0.011160938069224358,0.011872777715325356,-0.022184835746884346,-0.029880981892347336,-0.029503511264920235,-0.05278792977333069,-0.06805218011140823
0.0,0.0,-0.023327568545937538,-0.03134797140955925,0.02994125708937645,0.06012369692325592,0.05430297926068306,0.025759516283869743,0.003853568574413657,0.00024169929383788258,0.00018464965978637338,0.00018464965978637338,0.00018464965978637338,0.0,0.0007805039640516043,-0.0013361815363168716,-0.0013361815363168716,-0.0013361815363168716,0.0,0.00022140057990327477,0.008324626833200455,0.0005982900038361549,-0.016322895884513855,-0.03582771494984627,-0.008628739975392818,0.0007992138853296638,0.0008345144451595843,0.0004109854344278574,0.0,-0.037220876663923264,-0.1063804179430008,-0.19168715178966522,-0.20003899931907654,-0.16547463834285736,-0.09931626170873642,-0.07861323654651642,-0.1678113341331482,-0.22453004121780396,-0.2131330370903015,-0.13916854560375214,-0.10050288587808609,-0.07525411993265152,-0.05395454540848732,0.0016361098969355226,0.04739135876297951,0.06755349040031433,0.056755878031253815
0.0,0.0,-0.013215183280408382,-0.01590742915868759,0.03832161799073219,0.06851838529109955,0.0639374628663063,0.035056643187999725,-0.003447269555181265,-0.009301050566136837,-0.0031933269929140806,0.003810604102909565,0.012189856730401516,0.0019021577900275588,0.008036436513066292,0.010239035822451115,-0.027574699372053146,-0.016403984278440475,0.0,0.0,0.0008837582427076995,0.0030372210312634706,-0.010332590900361538,-0.02586723491549492,0.007444622926414013,0.01798555813729763,0.017221825197339058,-0.023154234513640404,-5.257303564576432e-05,-0.02356123924255371,-0.07215099781751633,-0.22952784597873688,-0.2655660808086395,-0.2392297238111496,-0.09910503774881363,0.0019179154187440872,-0.10496200621128082,-0.20080912113189697,-0.216363325715065,-0.17855626344680786,-0.14222735166549683,-0.1108335629105568,-0.07784018665552139,-0.025125741958618164,0.02162211947143078,0.042266618460416794,0.10374020040035248
0.0,0.0,-0.013215183280408382,-0.011789770796895027,0.045828402042388916,0.07674309611320496,0.07656362652778625,0.05317475274205208,0.009163686074316502,-0.003139960113912821,-0.01175672560930252,-0.0045578875578939915,0.004414082504808903,0.007489821407943964,0.0,0.007826261222362518,-0.03227803483605385,-0.036927323788404465,-0.016247285529971123,-0.015188424848020077,-0.007939486764371395,-9.743341070134193e-05,-0.0001106873678509146,-0.012775151059031487,0.012430520728230476,0.0033305485267192125,0.02238227054476738,-0.038672540336847305,-0.03337560221552849,-0.023395583033561707,-0.048589758574962616,-0.25996485352516174,-0.35978248715400696,-0.3038170635700226,-0.15179294347763062,-0.007152826525270939,-0.10939539223909378,-0.1460382491350174,-0.1903657466173172,-0.17229533195495605,-0.1677771657705307,-0.14360171556472778,-0.10321861505508423,-0.058701545000076294,-0.03459900990128517,0.0018227329710498452,0.057329267263412476
0.0,0.0,-0.01961177960038185,-0.02149794064462185,0.04943421483039856,0.08751750737428665,0.09350429475307465,0.07218214869499207,0.030152078717947006,-0.007257537916302681,-0.025294551625847816,-0.02410942316055298,-0.018014920875430107,-0.00807962380349636,-0.0051076593808829784,-0.0009110158425755799,-0.029483605176210403,-0.04467020556330681,-0.05154220014810562,-0.041789133101701736,-0.013737481087446213,-0.00579799385741353,0.0,-0.0004084995307493955,-0.02245519496500492,0.04593706876039505,0.08878008276224136,-0.03573903068900108,-0.04790187627077103,-0.0361034981906414,-0.06623037904500961,-0.3079739809036255,-0.4234074652194977,-0.39340871572494507,-0.2411649227142334,-0.05870373547077179,-0.055092234164476395,-0.10122533142566681,-0.14760883152484894,-0.15339981019496918,-0.1555406004190445,-0.15008683502674103,-0.12724125385284424,-0.1035243347287178,-0.0833016186952591,-0.06341945379972458,-0.04686124995350838
0.0,0.0,-0.020660750567913055,-0.027187403291463852,0.03430132195353508,0.08823195844888687,0.0995653048157692,0.08167179673910141,0.04484521597623825,0.008450244553387165,-0.01877708174288273,-0.02969040721654892,-0.04177625849843025,-0.04496105760335922,-0.04547668620944023,0.0,-0.0032465390395373106,-0.02553725428879261,-0.05295584350824356,-0.07567287981510162,-0.06820046156644821,-0.037344615906476974,0.0,-0.0004084995307493955,-0.007404305040836334,0.04644618555903435,0.08142848312854767,0.04472695663571358,0.0393008328974247,-0.014603635296225548,-0.09901978075504303,-0.29423409700393677,-0.3992932140827179,-0.3826673626899719,-0.25020337104797363,-0.13068698346614838,-0.07318006455898285,-0.08428902179002762,-0.029444413259625435,-0.07174914330244064,-0.09629646688699722,-0.11485990881919861,-0.10498809069395065,-0.08703584969043732,-0.05139549821615219,-0.028920724987983704,-0.08632513135671616
