currents_20100912.json
{"header": {"parameterCategory":2,"parameterNumber":2,"nx":74,"ny":54,"lo1":22.5,"la1":41.2,"lo2":27.0,"la2":38.2,"dx":0.06164383561643835,"dy":0.05660377358490566,"refTime":"2010-09-12T12:00:00"}, "data":
[rows 21 to 41 of 54, columns 0 to 46 of 74]
0.0,0.0,0.0004603064153343439,-6.62688835291192e-05,-0.016312841325998306,-0.02627597190439701,-0.026453588157892227,-0.03823517635464668,-0.035187024623155594,-0.02629399485886097,-0.01729942299425602,-0.01750227063894272,-0.03364032506942749,-0.014765090309083462,0.020288649946451187,-0.007321237586438656,-0.010677563026547432,0.007817587815225124,0.034121979027986526,0.011637277901172638,-0.013980629853904247,-0.020087622106075287,-0.01472443901002407,0.0,0.0,-0.11317749321460724,-0.3791005611419678,-0.4980395436286926,-0.5546265244483948,-0.5754960775375366,-0.5288402438163757,-0.42358869314193726,-0.3857608437538147,-0.36912184953689575,-0.2658725082874298,-0.17516951262950897,-0.11460711061954498,-0.09232267737388611,-0.0452854298055172,-0.009716372936964035,0.004333046264946461,0.01648014225065708,0.03585248440504074,0.011581587605178356,-0.06127764657139778,-0.10653835535049438,-0.10394677519798279
0.0,0.0,8.328590774908662e-05,-0.0010658614337444305,-0.018027646467089653,-0.03482057899236679,-0.05166398733854294,-0.07676677405834198,-0.08300221711397171,-0.07861867547035217,-0.07501939684152603,-0.08599507808685303,-0.117718406021595,-0.10885442793369293,-0.07515009492635727,-0.03619740158319473,-0.013381988741457462,0.0,0.0008950415649451315,0.0008950415649451315,-0.004391919821500778,-0.03452248498797417,-0.07849687337875366,-0.009047661907970905,-0.1257493793964386,-0.257201611995697,-0.351453572511673,-0.2936112880706787,-0.26349708437919617,-0.25266408920288086,-0.26841679215431213,-0.33283373713493347,-0.38741451501846313,-0.4184860289096832,-0.38001906871795654,-0.28684329986572266,-0.2135624885559082,-0.1579439491033554,-0.1006675660610199,-0.04265497624874115,-0.01624085009098053,-0.0073822904378175735,0.0016509377164766192,0.0028496677987277508,-0.008194033987820148,-0.008194033987820148,-0.008194033987820148
0.0,0.0,0.0,-0.0002949887129943818,-0.0073875249363482,-0.04104890674352646,-0.06383483856916428,-0.08213736861944199,-0.10728531330823898,-0.11075287312269211,-0.11038889735937119,-0.06925831735134125,-0.10391862690448761,-0.19103287160396576,-0.2209523767232895,-0.24932603538036346,-0.2931658923625946,-0.2822147607803345,-0.3290089964866638,-0.3318299651145935,-0.33120402693748474,-0.3252331614494324,-0.34718772768974304,-0.33700302243232727,-0.24836893379688263,-0.2681373655796051,-0.24353456497192383,-0.1930340975522995,-0.16412831842899323,-0.17466947436332703,-0.19673743844032288,-0.23043110966682434,-0.25662747025489807,-0.27832525968551636,-0.25196465849876404,-0.19257736206054688,-0.19431845843791962,-0.18186643719673157,-0.18842482566833496,-0.1680748164653778,-0.13328231871128082,-0.04234651103615761,-0.0011987301986664534,0.0,0.0,0.0,0.0
0.0,0.0,0.0,0.0,-0.0027545613702386618,-0.03281776234507561,-0.0480509027838707,-0.06587068736553192,-0.09400707483291626,-0.10053718090057373,-0.11995411664247513,-0.07175081223249435,-0.1118582934141159,-0.15102443099021912,-0.255532830953598,-0.3122778832912445,-0.3667621612548828,-0.38544028997421265,-0.432234525680542,-0.437503844499588,-0.4291468560695648,-0.4364001154899597,-0.4454750418663025,-0.46098390221595764,-0.3723497986793518,-0.26645922660827637,-0.17228972911834717,-0.13972428441047668,-0.1334514021873474,-0.1422940194606781,-0.1570851057767868,-0.179554745554924,-0.1836024671792984,-0.1786545366048813,-0.15928417444229126,-0.13376833498477936,-0.1355094313621521,-0.14927633106708527,-0.20330727100372314,-0.1952732354402542,-0.2533622980117798,-0.16242648661136627,-0.10717882215976715,-0.10172247141599655,-0.04966579005122185,-0.04966579005122185,-0.05021736025810242
0.0,0.0,0.0,0.0,0.0,-0.0011312656570225954,-0.007951014675199986,-0.02680389955639839,-0.042281460016965866,-0.07381726056337357,-0.10421455651521683,-0.11064141243696213,-0.10358193516731262,-0.12930521368980408,-0.17127877473831177,-0.18557541072368622,-0.19623667001724243,-0.2062288373708725,-0.21760569512844086,-0.22538906335830688,-0.24370984733104706,-0.2664976418018341,-0.28737980127334595,-0.27939897775650024,-0.2301953136920929,-0.1722996085882187,-0.1254042536020279,-0.11980119347572327,-0.1268397867679596,-0.1367805451154709,-0.14217939972877502,-0.14406418800354004,-0.1482658088207245,-0.14776745438575745,-0.13662700355052948,-0.10892772674560547,-0.09270301461219788,-0.09769047796726227,-0.14344237744808197,-0.23375371098518372,-0.3243418335914612,-0.3771878480911255,-0.33607056736946106,-0.2903740704059601,-0.22609943151474,-0.1617681384086609,-0.1642773449420929
0.0,0.0,0.0,0.0,0.0,0.0,-0.0068654753267765045,-0.014979766681790352,-0.015142343007028103,-0.027523528784513474,-0.050960883498191833,-0.1013038381934166,-0.09045268595218658,-0.10983289033174515,-0.1159251406788826,-0.1279686689376831,-0.13156937062740326,-0.1329992562532425,-0.11560197919607162,-0.10896848142147064,-0.10090018808841705,-0.1219651848077774,-0.12052609771490097,-0.12459030002355576,-0.1304749995470047,-0.08135044574737549,-0.08447520434856415,-0.10466460138559341,-0.10992380231618881,-0.1105911135673523,-0.11125247180461884,-0.10788144171237946,-0.1127927228808403,-0.11287011951208115,-0.11953895539045334,-0.09995906054973602,-0.08024556189775467,-0.08174630999565125,-0.08493779599666595,-0.11913605779409409,-0.20696242153644562,-0.2651214301586151,-0.2835257649421692,-0.2666650414466858,-0.27836108207702637,-0.23701144754886627,-0.21927879750728607
0.0,0.0,0.0,0.0,0.0,0.0,0.0010026406962424517,-0.005144680384546518,-0.0038687270134687424,-0.012305312789976597,-0.0030004584696143866,-0.04996851831674576,-0.040634602308273315,-0.05047370493412018,-0.05656595528125763,-0.05777744576334953,-0.04339262470602989,-0.03132905811071396,-0.01928401179611683,-0.00967978872358799,0.0015386809827759862,0.0024422414135187864,0.0013338869903236628,-0.009426669217646122,-0.02789374813437462,-0.03146221861243248,-0.04306729882955551,-0.07086741179227829,-0.07995366305112839,-0.09498436748981476,-0.09294569492340088,-0.0881451740860939,-0.08983856439590454,-0.08633142709732056,-0.09400548040866852,-0.08570761978626251,-0.06599412113428116,-0.055479127913713455,-0.05253574624657631,-0.0845511183142662,-0.09936203062534332,-0.15752102434635162,-0.19514042139053345,-0.2134663164615631,-0.2251623570919037,-0.23990055918693542,-0.22734498977661133
0.0,0.0,0.0,0.0,0.0,0.0,0.0010026406962424517,0.0036207314115017653,4.341363091953099e-05,0.007959499955177307,0.023782309144735336,0.040253568440675735,0.02633294090628624,0.017503725364804268,0.016739249229431152,0.032246362417936325,0.05462553724646568,0.07239767909049988,0.08121329545974731,0.08094197511672974,0.08154438436031342,0.08199525624513626,0.08015049993991852,0.06588784605264664,0.03896968811750412,0.014504431746900082,-0.004208417609333992,-0.03421223908662796,-0.059684958308935165,-0.07800418138504028,-0.08686135709285736,-0.07862377166748047,-0.07045482844114304,-0.06342343240976334,-0.060083720833063126,-0.05659552663564682,-0.05263819918036461,-0.0494401790201664,-0.05214235186576843,-0.05319642648100853,-0.06238965317606926,-0.07832618057727814,-0.0960780531167984,-0.1084221675992012,-0.12811817228794098,-0.1527029275894165,-0.17041057348251343
0.0,0.0,0.0,0.0,0.0,0.0,0.0010026406962424517,0.0011140868300572038,0.0008550012717023492,-0.003736441256478429,0.014443810097873211,0.048242803663015366,0.06432034075260162,0.08022916316986084,0.0954950824379921,0.10724639892578125,0.09883006662130356,0.110500268638134,0.09118860214948654,0.07896401733160019,0.07909388095140457,0.07954908907413483,0.0787370502948761,0.06769973784685135,0.04660538583993912,0.026927493512630463,0.004257412627339363,-0.016801906749606133,-0.043690308928489685,-0.0633188933134079,-0.08023273944854736,-0.07558837532997131,-0.0658300593495369,-0.05110304430127144,-0.03979584574699402,-0.04328962042927742,-0.05346371978521347,-0.05524928867816925,-0.05734588950872421,-0.04601274058222771,-0.03936748579144478,-0.027886638417840004,-0.04938649758696556,-0.05301450192928314,-0.06779785454273224,-0.06123902648687363,-0.06896762549877167
0.0,0.0,0.0,0.0,0.0,0.0,0.0,0.0,0.0,-0.0033757283817976713,0.009400037117302418,0.02857181802392006,0.06604088842868805,0.09816046059131622,0.11342637985944748,0.1234385296702385,0.117221400141716,0.10124335438013077,0.0820971131324768,0.0651489719748497,0.054617054760456085,0.05510849878191948,0.044436369091272354,0.032261550426483154,0.016985315829515457,-0.0026925774291157722,-0.01794005185365677,-0.02149716578423977,-0.029641229659318924,-0.05523379519581795,-0.07112652063369751,-0.06686253845691681,-0.05712634325027466,-0.04291647672653198,-0.026871023699641228,-0.03865402191877365,-0.05891917645931244,-0.06740725785493851,-0.06870090961456299,-0.06425411999225616,-0.051214396953582764,-0.03973354771733284,-0.04434344917535782,-0.04162685200572014,-0.017491349950432777,-0.003278324380517006,0.0038620037958025932
0.0,0.0,0.0,0.0,0.0,0.0,0.0,0.0,0.0,0.0,-0.0027117524296045303,-0.01109373103827238,0.02429160661995411,0.05779999494552612,0.08160026371479034,0.09156662970781326,0.08745848387479782,0.07425344735383987,0.05487045273184776,0.036866094917058945,0.020692402496933937,0.000591784599237144,-0.01767776906490326,-0.034332163631916046,-0.04809724912047386,-0.058090727776288986,-0.06463274359703064,-0.049842070788145065,-0.04131833836436272,-0.04272028058767319,-0.05912363529205322,-0.0569574348628521,-0.04697790741920471,-0.034204840660095215,-0.020324353128671646,-0.054166506975889206,-0.07450666278600693,-0.08244723826646805,-0.0830816850066185,-0.09228131175041199,-0.09147125482559204,-0.08307193964719772,-0.057471029460430145,-0.03553159907460213,-0.014503017999231815,0.012514691799879074,0.04160071909427643
0.0,0.0,0.0,0.0,0.0,0.0,0.0,0.0,0.0,0.0,-0.0027117524296045303,-0.0031064257491379976,0.0020394385792315006,0.03188696876168251,0.049110833555459976,0.05901547521352768,0.05383726581931114,0.042077820748090744,0.024712329730391502,0.0029098030645400286,-0.02227528765797615,-0.0596102774143219,-0.0893760547041893,-0.0912744477391243,-0.08096576482057571,-0.06193825230002403,-0.01815202087163925,-0.016750287264585495,-0.022999944165349007,-0.030429068952798843,-0.017600910738110542,-0.05850839987397194,-0.043684329837560654,-0.028410106897354126,-0.029248861595988274,-0.05927080661058426,-0.07912763208150864,-0.08457474410533905,-0.07977220416069031,-0.07644233107566833,-0.059237074106931686,-0.04347706213593483,-0.020691223442554474,-0.0051416619680821896,-0.0020210864022374153,0.010860658250749111,0.020329995080828667
0.0,0.0,0.0,0.0,0.0,0.0,-0.011906208470463753,-0.018189415335655212,-0.014557791873812675,-0.009120513685047626,-0.0003722225083038211,0.0,0.0042390720918774605,0.012178466655313969,0.02940233051776886,0.029344260692596436,0.021056484431028366,0.005721072666347027,-0.010952596552670002,-0.021953171119093895,-0.030976347625255585,-0.06831134110689163,-0.07779726386070251,-0.08434707671403885,-0.09761302918195724,-0.07287699729204178,-0.0334121435880661,-0.03586740046739578,-0.05897236987948418,-0.08325119316577911,-0.06093749403953552,-0.0883682519197464,-0.0624333992600441,-0.04454654082655907,-0.04228563234210014,-0.0605231411755085,-0.07831839472055435,-0.08472729474306107,-0.07887940108776093,-0.06414411962032318,-0.050831835716962814,-0.029584333300590515,-0.01745510846376419,-0.01792156510055065,-0.01480099093168974,-0.016476929187774658,-0.009893624112010002
0.0,0.0,0.0,0.0,0.0,0.0014973445795476437,-0.010408863425254822,-0.040857549756765366,-0.025604506954550743,-0.01234621461480856,-0.0017211205558851361,0.0005289159598760307,0.0009364841389469802,0.007599176373332739,0.008265284821391106,-0.0032092470210045576,-0.014002117328345776,-0.0193860474973917,-0.03680724650621414,-0.031242679804563522,-0.030927343294024467,-0.028902320191264153,-0.028404077515006065,-0.050664614886045456,-0.07474636286497116,-0.08739181607961655,-0.08200810849666595,-0.09025692939758301,-0.11121320724487305,-0.13215962052345276,-0.14255326986312866,-0.12279653549194336,-0.0955670177936554,-0.0729622170329094,-0.06009742617607117,-0.06947717070579529,-0.07796129584312439,-0.08525809645652771,-0.08099256455898285,-0.06494748592376709,-0.05317826569080353,-0.048164673149585724,-0.04965218901634216,-0.053641799837350845,-0.05461203679442406,-0.055511876940727234,-0.045864880084991455
0.0,0.0,0.0,0.0,0.0,0.008443711325526237,0.0010171390604227781,-0.02041056379675865,-0.012356446124613285,-0.007643623743206263,-0.002886684611439705,0.007272038143128157,0.0028784696478396654,0.00382531457580626,-0.007344268262386322,-0.04418464004993439,-0.00829379167407751,0.010150457732379436,-0.011935578659176826,-0.02425764873623848,-0.01908283121883869,-0.016509314998984337,-0.020193012431263924,-0.014947503805160522,-0.04133107140660286,-0.06334280222654343,-0.08706742525100708,-0.09607575088739395,-0.11133427172899246,-0.1294921189546585,-0.140821173787117,-0.1255813091993332,-0.10563469678163528,-0.09371085464954376,-0.09060888737440109,-0.09477707743644714,-0.09527596086263657,-0.0974656417965889,-0.10127425193786621,-0.10376541316509247,-0.10982614755630493,-0.12742739915847778,-0.13782566785812378,-0.135316401720047,-0.12467669695615768,-0.11184712499380112,-0.0788436233997345
0.0,0.0,0.0,0.0,0.0,0.008443711325526237,0.008685101754963398,-0.0078076752834022045,-0.01618501916527748,-0.013953766785562038,-0.0020825297106057405,0.005024354439228773,-0.014181808568537235,-0.017060277983546257,-0.04933984950184822,-0.05164448171854019,-0.06830579787492752,-0.05128186196088791,-0.0052214316092431545,-0.009179667569696903,-0.00956672802567482,-0.006993211340159178,-0.01977294124662876,-0.025511296465992928,-0.04450410231947899,-0.0778946578502655,-0.09496022760868073,-0.09289994835853577,-0.10004749894142151,-0.11150132119655609,-0.11998943984508514,-0.111280657351017,-0.12470920383930206,-0.12352941930294037,-0.12674598395824432,-0.1322513222694397,-0.1385539472103119,-0.14644286036491394,-0.15528744459152222,-0.1746976226568222,-0.19089022278785706,-0.2088388353586197,-0.21799753606319427,-0.21591897308826447,-0.19183453917503357,-0.16261251270771027,-0.11830228567123413
0.0,0.0,0.0,0.0,0.0,0.0,0.0,-0.0003007164050359279,-0.01978280022740364,-0.009931029751896858,-0.01513525377959013,-0.01513525377959013,-0.041886236518621445,-0.048123136162757874,-0.06446026265621185,-0.03162505850195885,-0.08720309287309647,-0.07302535325288773,-0.029286624863743782,-0.016598669812083244,-0.014679856598377228,-0.02352059632539749,-0.030056938529014587,-0.054349545389413834,-0.06952989101409912,-0.07347673177719116,-0.08445514738559723,-0.0617549903690815,-0.07697732746601105,-0.08824348449707031,-0.09289611130952835,-0.09959622472524643,-0.11518587917089462,-0.13753853738307953,-0.16097109019756317,-0.18183858692646027,-0.19135288894176483,-0.20343847572803497,-0.22162851691246033,-0.2460453361272812,-0.26058802008628845,-0.27911001443862915,-0.2829531729221344,-0.2739730775356293,-0.24988862872123718,-0.21713979542255402,-0.1637013554573059
0.0,0.0,0.0,0.0,0.0,0.0,0.0,-0.0003007164050359279,-0.004969499073922634,-0.025724057108163834,-0.07586434483528137,-0.09298629313707352,-0.04034151881933212,-0.009192399680614471,-0.010396982543170452,-0.016522588208317757,-0.056599754840135574,-0.0676015093922615,-0.08548694849014282,-0.09210728853940964,-0.09673960506916046,-0.09722844511270523,-0.0703868567943573,-0.05521809682250023,-0.0450471006333828,-0.02152731828391552,-0.006462006829679012,-0.017815187573432922,-0.03594498708844185,-0.050229355692863464,-0.07585649192333221,-0.0810476541519165,-0.10331626981496811,-0.13545352220535278,-0.1810242384672165,-0.2145078033208847,-0.232254758477211,-0.25401076674461365,-0.2747676372528076,-0.2834761142730713,-0.2815703749656677,-0.2859503924846649,-0.27947431802749634,-0.2760315537452698,-0.2632136344909668,-0.25427278876304626,-0.22447030246257782
0.0,0.0,0.0,0.0,0.0,0.0,0.0,-0.0002785941760521382,-0.01196964830160141,-0.053756311535835266,-0.050166044384241104,-0.05838723108172417,-0.033232659101486206,-0.00208353903144598,-0.0023599048145115376,-0.005992432124912739,-0.014172563329339027,-0.0448489636182785,-0.06379741430282593,-0.06598538160324097,-0.06595160067081451,-0.06329592317342758,-0.03523094952106476,-0.02250516228377819,-0.006404856685549021,0.017114927992224693,0.02117559313774109,0.022918524220585823,0.0029119187965989113,-0.01778452657163143,-0.043137382715940475,-0.05074042081832886,-0.04038969427347183,-0.07922491431236267,-0.13994809985160828,-0.19522850215435028,-0.23477807641029358,-0.25731804966926575,-0.2759262025356293,-0.27461379766464233,-0.27270805835723877,-0.2665402293205261,-0.2652339041233063,-0.26523303985595703,-0.2724824845790863,-0.27400365471839905,-0.2627088725566864
0.0,0.0,-0.0029796611052006483,-0.0020582329016178846,0.0,0.0,0.0,-0.0002785941760521382,-0.01832747459411621,-0.012422568164765835,0.0,0.0,0.0,0.0,0.0,0.0,0.00400431826710701,0.017747368663549423,0.0011944990837946534,0.0032750428654253483,-0.0021384251303970814,0.007169414311647415,0.014687635935842991,0.020666487514972687,0.03333006054162979,0.03427737206220627,0.030661137774586678,0.04715840891003609,0.04088856652379036,0.009554795920848846,-0.01535431295633316,-0.027530720457434654,-0.015041385777294636,-0.006965779233723879,-0.0761541798710823,-0.1415528804063797,-0.1885499358177185,-0.23294982314109802,-0.2496476024389267,-0.24680601060390472,-0.23925510048866272,-0.2380267083644867,-0.24178987741470337,-0.25594207644462585,-0.26848337054252625,-0.2743217945098877,-0.280194491147995
0.0,0.0,-0.005488419905304909,-0.013976234942674637,-0.0009967437945306301,0.0,0.0,-0.0002785941760521382,-0.00752713019028306,-0.005977219436317682,0.0,0.0,0.0,0.0,0.0,0.0,0.0448220893740654,0.085896797478199,0.09630830585956573,0.07389017939567566,0.05804838612675667,0.05280357599258423,0.03999825567007065,0.04847331345081329,0.05051221325993538,0.04542798548936844,0.04148897901177406,0.06799555569887161,0.06719566881656647,0.03409261256456375,-0.019520578905940056,-0.02118818461894989,-0.01125743892043829,0.0,-0.012625600211322308,-0.06271176785230637,-0.12060941010713577,-0.1813204288482666,-0.2015175074338913,-0.19470719993114471,-0.18486978113651276,-0.1816389560699463,-0.19736221432685852,-0.22890016436576843,-0.2556777894496918,-0.2760927975177765,-0.3045062720775604
