currents_20100917.json
{"header": {"parameterCategory":2,"parameterNumber":2,"nx":74,"ny":54,"lo1":27.46,"la1":47.1,"lo2":42.58,"la2":40.43,"dx":0.20712328767123284,"dy":0.12584905660377363,"refTime":"2010-09-17T12:00:00"}, "data":
[rows 22 to 43 of 54, columns 0 to 48 of 74]
0.0,0.0,0.0,0.0,0.0,0.0,0.0431305393576622,0.03754345327615738,0.013713128864765167,-0.0005691293627023697,0.05312129110097885,0.07983985543251038,0.06077246740460396,0.047202251851558685,0.03374801576137543,0.02530619315803051,0.022131096571683884,-0.0045526400208473206,-0.033822979778051376,-0.05840865895152092,-0.09625314921140671,-0.15454356372356415,-0.18148595094680786,-0.13630127906799316,-0.061990682035684586,0.0038718930445611477,0.05764327570796013,0.09435006231069565,0.13968662917613983,0.16217674314975739,0.1751464605331421,0.06521466374397278,-0.015628162771463394,-0.1393016278743744,-0.2142731249332428,-0.2308645397424698,-0.18444162607192993,-0.13434462249279022,-0.09452467411756516,-0.07858040928840637,-0.08502166718244553,-0.0880943313241005,-0.07798583060503006,-0.07440091669559479,-0.07082312554121017,-0.06680922210216522,-0.05982108786702156,-0.1145951896905899,-0.16346046328544617
0.0,0.0,0.0,0.0,0.0,0.0,0.01120805460959673,0.018562009558081627,0.03953833878040314,0.06866088509559631,0.09526096284389496,0.06058518588542938,0.04912138357758522,0.03758228197693825,0.030765006318688393,0.020066523924469948,0.017560886219143867,0.03291065990924835,0.001950822421349585,-0.024521570652723312,-0.059221167117357254,-0.09958919882774353,-0.1543940305709839,-0.20164616405963898,-0.1972014456987381,-0.14705418050289154,-0.10212059319019318,-0.09430312365293503,-0.0552152656018734,0.033815108239650726,0.06705934554338455,0.031809329986572266,-0.11486024409532547,-0.13941916823387146,-0.1440895050764084,-0.14775140583515167,-0.1479971557855606,-0.1429334282875061,-0.12128781527280807,-0.1141073927283287,-0.131744846701622,-0.14357097446918488,-0.1459026336669922,-0.15359759330749512,-0.1530301570892334,-0.12905915081501007,-0.1332608461380005,-0.19121934473514557,-0.2196894884109497
0.0,0.0,0.0,0.0,0.0,0.0,0.01054465677589178,0.006199863273650408,0.03699808567762375,0.0929405689239502,0.11173335462808609,0.08044037967920303,0.05441245436668396,0.04684237390756607,0.051970284432172775,0.06963976472616196,0.0655338391661644,0.05448950454592705,0.040795598179101944,0.009881563484668732,-0.020908307284116745,-0.05975489318370819,-0.09704546630382538,-0.15484148263931274,-0.2136763334274292,-0.2314213365316391,-0.24394910037517548,-0.2441512495279312,-0.26263898611068726,-0.29598468542099,-0.2698211371898651,-0.23843660950660706,-0.2239701896905899,-0.14478254318237305,-0.10600332915782928,-0.09968660026788712,-0.10643579810857773,-0.12773914635181427,-0.14226306974887848,-0.13578353822231293,-0.15522395074367523,-0.17444999516010284,-0.18858365714550018,-0.19630597531795502,-0.1852206438779831,-0.1791427731513977,-0.20052707195281982,-0.20940285921096802,-0.22168689966201782
0.0,0.0,0.0,0.0,0.0,0.0,0.06697863340377808,0.030043385922908783,0.11608681082725525,0.10683629661798477,0.04099965840578079,0.04903080314397812,0.05899084359407425,0.06899066269397736,0.0717068687081337,0.08409520238637924,0.10171512514352798,0.10298249125480652,0.06605425477027893,0.04025480896234512,0.003092497820034623,-0.03998797386884689,-0.07545286417007446,-0.10305707156658173,-0.15542741119861603,-0.1972562074661255,-0.23924411833286285,-0.29351648688316345,-0.34504157304763794,-0.40557336807250977,-0.42796528339385986,-0.3409159481525421,-0.21941344439983368,-0.12596507370471954,-0.07393622398376465,-0.05614752322435379,-0.0646880567073822,-0.10363798588514328,-0.14391057193279266,-0.1618237942457199,-0.1624300330877304,-0.1794733852148056,-0.20471817255020142,-0.20599132776260376,-0.20241636037826538,-0.2121255248785019,-0.21670614182949066,-0.2027597874403,-0.20757299661636353
0.0,0.0,0.0,0.0,0.0,0.0,0.05979279428720474,0.07911024242639542,0.08484307676553726,0.004305577836930752,0.02605506405234337,0.04847870394587517,0.059107907116413116,0.07438009232282639,0.08081807941198349,0.09311016649007797,0.10041622817516327,0.11107036471366882,0.09843402355909348,0.06623232364654541,0.009150655940175056,-0.035919252783060074,-0.07277907431125641,-0.08292451500892639,-0.0972084030508995,-0.1288572996854782,-0.15731985867023468,-0.1984633207321167,-0.24281249940395355,-0.2836664319038391,-0.29193490743637085,-0.2506554424762726,-0.17414122819900513,-0.10450799763202667,-0.04550302028656006,-0.007740706205368042,-0.01627630554139614,-0.0662497878074646,-0.1317724734544754,-0.16956113278865814,-0.1816139668226242,-0.18423838913440704,-0.1926179826259613,-0.1982354074716568,-0.1977599859237671,-0.19010137021541595,-0.16068945825099945,-0.13204842805862427,-0.12582536041736603
0.0,0.0,0.0,0.0,0.0,0.0,0.027048800140619278,0.05348806083202362,-0.06708330661058426,-0.018423430621623993,0.017807215452194214,0.0164530910551548,0.014550434425473213,0.02905217371881008,0.05145302414894104,0.0728815346956253,0.07466764003038406,0.07755953818559647,0.07061969488859177,0.05014429986476898,0.0030353034380823374,-0.030603691935539246,-0.043455418199300766,-0.07202952355146408,-0.0768013522028923,-0.09250099956989288,-0.1234174445271492,-0.15157461166381836,-0.1683548539876938,-0.1723233461380005,-0.1659456044435501,-0.15390245616436005,-0.12553493678569794,-0.07908137887716293,-0.029785577207803726,0.007361530791968107,0.019964702427387238,-0.024196818470954895,-0.09724082797765732,-0.15644116699695587,-0.18261758983135223,-0.1841098964214325,-0.1886761486530304,-0.17621271312236786,-0.1619129776954651,-0.13751688599586487,-0.10180628299713135,-0.05435188114643097,-0.026375964283943176
0.0,0.0,0.0,0.0,0.0,0.0,0.029730120673775673,-0.03862346336245537,-0.021820412948727608,0.00495860306546092,-0.031840432435274124,-0.06832174956798553,-0.06740773469209671,-0.02829781360924244,0.003330021630972624,0.0186751838773489,0.01873929053544998,0.01651494763791561,0.01168856956064701,0.00032275859848596156,-0.015417209826409817,-0.02006654441356659,-0.01578662358224392,-0.045719489455223083,-0.07045045495033264,-0.07799166440963745,-0.09240327030420303,-0.1019914522767067,-0.11808760464191437,-0.1329280585050583,-0.13357166945934296,-0.12317755073308945,-0.10449565201997757,-0.07552200555801392,-0.03834276273846626,-0.00629141740500927,0.015521986410021782,0.002185116522014141,-0.05454607680439949,-0.12241968512535095,-0.1647593379020691,-0.17086350917816162,-0.16459037363529205,-0.16172274947166443,-0.14165005087852478,-0.10654138028621674,-0.06218826398253441,-0.01040297094732523,0.025984207168221474
0.0,0.0,0.0,0.0,0.0,0.0,0.004735165741294622,-0.02758217416703701,-0.007042674347758293,-0.03820406273007393,-0.08983665704727173,-0.10320287197828293,-0.10074539482593536,-0.08776862919330597,-0.07098785787820816,-0.07047043740749359,-0.07215538620948792,-0.0598347969353199,-0.057481106370687485,-0.06683512032032013,-0.04421476647257805,-0.021276207640767097,-0.01849539764225483,-0.03509821742773056,-0.05723632872104645,-0.06511250883340836,-0.06418246775865555,-0.05846397578716278,-0.05280750244855881,-0.06576523929834366,-0.07362046837806702,-0.06359653919935226,-0.04688195511698723,-0.041851673275232315,-0.04539751261472702,-0.027325408533215523,0.0007879026234149933,0.010740949772298336,-0.02451409213244915,-0.07547085732221603,-0.11746000498533249,-0.14031045138835907,-0.14219461381435394,-0.13470140099525452,-0.11457259207963943,-0.08816154301166534,-0.05721460282802582,-0.013483239337801933,0.0366750992834568
0.0,0.0,0.0,0.008275597356259823,0.01592044159770012,0.04271934553980827,-0.024887973442673683,-0.04439232870936394,-0.051952704787254333,-0.08720037341117859,-0.10576103627681732,-0.10379733145236969,-0.10336922854185104,-0.12440788000822067,-0.13531659543514252,-0.15167675912380219,-0.1540522575378418,-0.1382872462272644,-0.13742049038410187,-0.11597985029220581,-0.0737912580370903,-0.02091125026345253,-0.02686981111764908,-0.04223501309752464,-0.05431950092315674,-0.060176923871040344,-0.05011419579386711,-0.03498540073633194,-0.017931800335645676,-0.0030495282262563705,0.005021443124860525,0.012505948543548584,0.012126324698328972,0.004877192433923483,-0.00845379289239645,-0.024368472397327423,-0.01453996729105711,0.004812426399439573,0.0037868015933781862,-0.02464940771460533,-0.06135641038417816,-0.0863136351108551,-0.09924940019845963,-0.10884424299001694,-0.09227089583873749,-0.07933211326599121,-0.06688549369573593,-0.0238653514534235,0.016849244013428688
0.0,0.0,0.0,0.01689228229224682,0.09819614142179489,0.03478572145104408,-0.08585914224386215,-0.06615687161684036,-0.09379997104406357,-0.0962783545255661,-0.07564689218997955,-0.06667891889810562,-0.08387201279401779,-0.12323769181966782,-0.17388483881950378,-0.2022894024848938,-0.21705830097198486,-0.21231503784656525,-0.19600725173950195,-0.13206815719604492,-0.06861411035060883,-0.028677137568593025,-0.042088158428668976,-0.047740329056978226,-0.05975238233804703,-0.05775502696633339,-0.04099084436893463,-0.015209078788757324,0.013148571364581585,0.046238359063863754,0.05940987542271614,0.06295626610517502,0.04923761263489723,0.03705992549657822,0.02388969250023365,0.017297951504588127,-0.00838750321418047,0.0007444804068654776,0.026133595034480095,0.029106950387358665,-0.003652165876701474,-0.03868378326296806,-0.05950472876429558,-0.06993444263935089,-0.07504236698150635,-0.07463306933641434,-0.08111049979925156,-0.05377326160669327,-0.016423767432570457
0.0,0.0,0.010516432113945484,0.07083488255739212,0.04679473862051964,-0.10095773637294769,-0.04992306977510452,-0.07897407561540604,-0.09283778071403503,-0.07493151724338531,-0.05244975537061691,-0.0403890497982502,-0.05389459431171417,-0.09902793169021606,-0.15876738727092743,-0.21035988628864288,-0.22702917456626892,-0.2150256186723709,-0.17132946848869324,-0.11221287399530411,-0.04470059648156166,-0.035315919667482376,-0.025733452290296555,-0.03002556972205639,-0.03506554663181305,-0.025624528527259827,-0.00964855495840311,0.019229110330343246,0.04379178211092949,0.061085861176252365,0.06886592507362366,0.0662289634346962,0.06242481246590614,0.05498146638274193,0.0508948415517807,0.04445694386959076,0.04327084496617317,0.035527512431144714,0.044626086950302124,0.05680754408240318,0.03975195437669754,-7.745655602775514e-05,-0.02866082824766636,-0.04803432896733284,-0.060636911541223526,-0.07174302637577057,-0.09566231817007065,-0.10661214590072632,-0.08824501186609268
0.0,0.0,0.008683676831424236,0.08272486180067062,-0.12356457859277725,-0.11250139772891998,-0.04477635771036148,-0.0673227608203888,-0.06067625433206558,-0.04452157020568848,-0.03360382094979286,-0.028395365923643112,-0.03119780495762825,-0.066893070936203,-0.12175259739160538,-0.16900624334812164,-0.18801787495613098,-0.16863667964935303,-0.12177810072898865,-0.06035766378045082,-0.02649823948740959,-0.019258033484220505,-0.011012875474989414,-0.003276680363342166,-0.00119545659981668,0.02050434984266758,0.04386790841817856,0.05975830927491188,0.0566464439034462,0.04459172114729881,0.04846634715795517,0.06181584298610687,0.07893841713666916,0.08177841454744339,0.06993421912193298,0.059048429131507874,0.0633229985833168,0.08069562911987305,0.08929791301488876,0.08306753635406494,0.0687817633152008,0.036819938570261,0.0006708432920277119,-0.03008919395506382,-0.0514623187482357,-0.07255861163139343,-0.09935623407363892,-0.13247697055339813,-0.14220930635929108
0.0,0.0,0.00840712245553732,-0.06761936098337173,-0.1273546814918518,-0.05371148884296417,-0.033570896834135056,-0.03976030275225639,-0.030461745336651802,-0.0227071363478899,-0.020030219107866287,-0.021843988448381424,-0.023869704455137253,-0.046225327998399734,-0.08626604825258255,-0.11881226301193237,-0.1238066628575325,-0.10844533145427704,-0.07537183910608292,-0.0538487546145916,-0.044591501355171204,-0.031352948397397995,-0.01943177357316017,0.009563647210597992,0.03602927178144455,0.04269829019904137,0.05071087181568146,0.02397804893553257,-0.027839140966534615,-0.016718052327632904,0.015674645081162453,0.04337984696030617,0.0788666158914566,0.10336200892925262,0.10262804478406906,0.07685396075248718,0.07352958619594574,0.08533899486064911,0.10290617495775223,0.1133175939321518,0.09699354320764542,0.06657630950212479,0.03614341467618942,0.0023879315704107285,-0.04062347859144211,-0.06584115326404572,-0.08897078037261963,-0.11926499009132385,-0.14907172322273254
0.0,0.0031429606024175882,0.0506800040602684,-0.05645184963941574,-0.04154624789953232,-0.009340347722172737,-0.013145438395440578,-0.01598820835351944,-0.008560729213058949,-0.003726010210812092,-0.012101187370717525,-0.01816583052277565,-0.025592520833015442,-0.041178107261657715,-0.060959719121456146,-0.08036139607429504,-0.09198582172393799,-0.09528777003288269,-0.0818578451871872,-0.05071714147925377,-0.021897969767451286,-0.006775393150746822,0.006604157853871584,0.0359683595597744,0.06264383345842361,0.06098872050642967,0.019332166761159897,-0.07105562835931778,-0.03872992470860481,0.019257083535194397,0.07723359763622284,0.13466718792915344,0.16781970858573914,0.16577154397964478,0.15266399085521698,0.11988979578018188,0.10398070514202118,0.11627358943223953,0.12448064237833023,0.1170273870229721,0.11379852145910263,0.09328243881464005,0.06897105276584625,0.04230952262878418,-0.004431647248566151,-0.05022937059402466,-0.07198883593082428,-0.08960168063640594,-0.12092342972755432
0.0,0.05333539843559265,0.04513349011540413,-0.0311567485332489,-0.01405259408056736,0.009643170051276684,0.008352560922503471,0.00042826542630791664,0.0016334934625774622,-0.011929750442504883,-0.02510041743516922,-0.027821006253361702,-0.03206295892596245,-0.045182839035987854,-0.050203077495098114,-0.05026526376605034,-0.05590549483895302,-0.05962946265935898,-0.05301116406917572,-0.03575719892978668,-0.02303132973611355,-0.006588721182197332,0.01750990003347397,0.03802845999598503,0.055433809757232666,0.05796263739466667,-0.0015988809755071998,-0.013219865038990974,0.003451874479651451,0.016213910654187202,0.03279014304280281,0.07503297179937363,0.13545776903629303,0.19598715007305145,0.208234965801239,0.1766543835401535,0.14678725600242615,0.14793874323368073,0.15771710872650146,0.15291902422904968,0.12666426599025726,0.11457158625125885,0.10414811968803406,0.08674897998571396,0.05255644768476486,-0.0038165058940649033,-0.0401747040450573,-0.058594346046447754,-0.07878725975751877
-0.005414612125605345,0.01994069665670395,-0.11253044009208679,-0.03779841214418411,0.03380424529314041,0.030732261016964912,0.01941525563597679,0.008068490773439407,-0.0033887620083987713,-0.037920258939266205,-0.05795309692621231,-0.0610649399459362,-0.048001646995544434,-0.03870592266321182,-0.035195283591747284,-0.036672089248895645,-0.036541324108839035,-0.03676152974367142,-0.032068345695734024,-0.029213562607765198,-0.02397930435836315,-0.003026141319423914,0.025165922939777374,0.05648946762084961,0.05085906758904457,0.05432884022593498,0.0761316567659378,0.12680689990520477,0.15170183777809143,0.08581927418708801,-0.004840672016143799,-0.030951835215091705,0.026770001277327538,0.10966172069311142,0.1847703754901886,0.2247828245162964,0.2144063413143158,0.2023148238658905,0.18353299796581268,0.1846652626991272,0.17753224074840546,0.15633271634578705,0.13975469768047333,0.12526188790798187,0.10532478243112564,0.062118783593177795,0.005813628900796175,-0.024384990334510803,-0.036413777619600296
0.0,0.0,-0.007194706238806248,0.03946702927350998,0.08955717086791992,0.12603729963302612,0.032113052904605865,0.01310475543141365,-0.010001501999795437,-0.041579511016607285,-0.05385696887969971,-0.04888131096959114,-0.047055698931217194,-0.04691942781209946,-0.05036623775959015,-0.0453236885368824,-0.02885211817920208,-0.019734293222427368,-0.01618599332869053,-0.018565820530056953,-0.019830020144581795,-0.011648834683001041,-0.02879149653017521,0.011990715749561787,0.05110097676515579,0.08187144249677658,0.15424451231956482,0.2362908571958542,0.2591632008552551,0.26097556948661804,0.19932244718074799,0.05213850364089012,-0.043290846049785614,-0.03682580962777138,0.0425756499171257,0.14928533136844635,0.22979736328125,0.26159533858299255,0.23395775258541107,0.2062387317419052,0.21326571702957153,0.21892793476581573,0.23389245569705963,0.20770326256752014,0.1547810286283493,0.10953135043382645,0.05972665548324585,0.01926211453974247,-0.0076326048001646996
0.0,0.0,0.044624604284763336,0.11168637871742249,0.09623660147190094,0.18059638142585754,0.10332594811916351,0.03085821121931076,-0.002403523540124297,-0.01946999318897724,-0.033825501799583435,-0.05450636148452759,-0.03413405269384384,0.00924750231206417,0.015428643673658371,-0.004793671891093254,-0.01585354655981064,-0.01479230634868145,-0.019148316234350204,-0.02357284165918827,-0.004143301863223314,0.022963155061006546,0.047032881528139114,0.007345517165958881,0.017273681238293648,0.07023309171199799,0.1488911211490631,0.23684708774089813,0.3138333261013031,0.35410675406455994,0.3484296500682831,0.2868788242340088,0.1262422502040863,-0.045999810099601746,-0.06586989015340805,0.05546339973807335,0.2238551527261734,0.28948476910591125,0.3007231652736664,0.24570263922214508,0.22265852987766266,0.2609538435935974,0.3492710590362549,0.34302422404289246,0.24423013627529144,0.16004744172096252,0.09334765374660492,0.053362831473350525,0.02941666543483734
0.0,0.0,0.0,0.1631026417016983,0.21469490230083466,0.13905607163906097,0.2317076176404953,0.08028381317853928,0.02295750007033348,0.008158629760146141,-0.012793703004717827,-0.039684560149908066,-0.0384785421192646,-0.017596060410141945,0.01902158185839653,0.01648842543363571,0.00864273402839899,-0.0016016027657315135,0.0051391092129051685,0.02768581733107567,0.04772460088133812,0.06257864832878113,0.08871402591466904,0.14301951229572296,0.21168208122253418,0.28015947341918945,0.33766648173332214,0.33736470341682434,0.26438236236572266,0.18406370282173157,0.19952146708965302,0.2692820727825165,0.3053673803806305,0.28207483887672424,0.2309793382883072,0.12812922894954681,0.07772175222635269,0.04393377900123596,0.23689527809619904,0.23231276869773865,0.18778717517852783,0.2434268742799759,0.3098851144313812,0.34133198857307434,0.29464882612228394,0.2197910100221634,0.1409924030303955,0.0778592973947525,0.05372939258813858
0.0,0.0,0.0,-0.005127007141709328,0.25447407364845276,0.19602423906326294,0.21339881420135498,0.14411018788814545,0.057791635394096375,0.039349913597106934,0.031581465154886246,0.020561600103974342,-0.017690954729914665,-0.017009815201163292,-0.005776769481599331,0.015534810721874237,0.027234647423028946,0.03413693606853485,0.04363282024860382,0.07157627493143082,0.0925753116607666,0.10451167821884155,0.13007569313049316,0.20315469801425934,0.2972242832183838,0.3019927144050598,0.1626986563205719,0.025401024147868156,0.0,0.0,0.0,0.0,0.0,0.007282441947609186,0.0,-0.01854315958917141,0.0,-0.01152868289500475,0.031246313825249672,0.09436830878257751,0.15575362741947174,0.16813041269779205,0.11981368064880371,0.18457314372062683,0.235414057970047,0.25482529401779175,0.204167440533638,0.125045046210289,0.07892226427793503
0.0,0.0,0.0,-0.017796259373426437,0.018795011565089226,0.10894815623760223,0.09989772737026215,0.12327680736780167,0.09070970118045807,0.0723029226064682,0.06357839703559875,0.0628030076622963,0.05071110650897026,0.00457193935289979,-0.0016749828355386853,0.03116179071366787,0.03271154686808586,0.020950481295585632,0.01149185560643673,0.046562597155570984,0.08106601238250732,0.1214836910367012,0.20768900215625763,0.2673938274383545,0.1309569776058197,0.05070213973522186,-0.011283027939498425,0.0,0.0,0.0,0.0,0.0,0.0,0.0,0.0,0.0,0.0,-0.021247927099466324,-0.078067347407341,0.019911814481019974,0.10088789463043213,0.06413900852203369,0.04688986763358116,0.06952187418937683,0.16701695322990417,0.284767210483551,0.2856498956680298,0.19517233967781067,0.12358370423316956
0.0,0.0,0.0,-0.027108237147331238,-0.08440079540014267,-0.01081095915287733,-0.058025769889354706,0.056668542325496674,0.10820773243904114,0.10645928233861923,0.11680350452661514,0.12337367236614227,0.1334293931722641,0.14481477439403534,0.11884748190641403,0.07881159335374832,0.08200626820325851,0.08272833377122879,0.07845024019479752,0.0929078683257103,0.16173425316810608,0.25155946612358093,0.2970183789730072,0.04996639862656593,0.0,0.0,0.0,0.0,0.0,0.0,0.0,0.0,0.0,0.0,0.0,0.0,0.0,0.0,0.0,-0.04412097483873367,-0.03494435176253319,0.0,-0.052175525575876236,0.052442312240600586,0.1486302614212036,0.25733715295791626,0.30939826369285583,0.26200830936431885,0.18352891504764557
