currents_20100917.json
{"header": {"parameterCategory":2,"parameterNumber":3,"nx":74,"ny":54,"lo1":27.46,"la1":47.1,"lo2":42.58,"la2":40.43,"dx":0.20712328767123284,"dy":0.12584905660377363,"refTime":"2010-09-17T12:00:00"}, "data":
[rows 22 to 43 of 54, columns 0 to 48 of 74]
0.0,0.0,0.0,0.0,0.0,0.0,0.06318223476409912,-0.05976366996765137,-0.10988613963127136,-0.024429699406027794,-0.017733559012413025,-0.015675503760576248,-0.028842011466622353,-0.00545666366815567,0.003949573263525963,-0.00619533471763134,-0.04000946506857872,-0.051580511033535004,-0.05546443536877632,-0.02072713151574135,0.030839882791042328,0.0910518541932106,0.11070649325847626,0.08143511414527893,0.0190750602632761,-0.006908835377544165,0.03186148405075073,0.08183375000953674,0.08560173213481903,-0.012027645483613014,-0.08982409536838531,-0.033707957714796066,-0.12614551186561584,-0.2120421975851059,-0.15982604026794434,-0.1406487226486206,-0.07371912151575089,8.326410898007452e-05,0.04157042130827904,0.05811845138669014,0.056955717504024506,0.04492723196744919,0.027351388707756996,0.0014495612122118473,-0.03988594561815262,-0.05494888126850128,-0.008638960309326649,-0.025372622534632683,0.04820403456687927
0.0,0.0,0.0,0.0,0.0,0.0,0.05095871537923813,-0.08122473955154419,-0.09691634774208069,-0.0004646918678190559,-0.013497871346771717,-0.02401498518884182,-0.03495682030916214,-0.0025572432205080986,0.0019027494126930833,-0.007151531055569649,-0.029712075367569923,-0.06787566095590591,-0.06839368492364883,-0.05084263160824776,-0.004272999241948128,0.04434606805443764,0.0928654819726944,0.11185610294342041,0.07219111174345016,0.046778347343206406,0.08206262439489365,0.09972318261861801,0.14562731981277466,0.06411147117614746,-0.09294994920492172,-0.13657063245773315,-0.25545626878738403,-0.24797186255455017,-0.19457773864269257,-0.12413453310728073,-0.04529572278261185,0.043086327612400055,0.07264924794435501,0.06833277642726898,0.06257978081703186,0.05295382812619209,0.03457525372505188,0.006104070693254471,-0.0351831428706646,-0.04242834076285362,-0.03361058607697487,-0.09724337607622147,-0.019975265488028526
0.0,0.0,0.0,0.0,0.0,0.0,0.034714099019765854,-0.11061592400074005,-0.052750710397958755,0.022124310955405235,-0.04818473756313324,-0.047940514981746674,-0.02819223515689373,0.004634758923202753,0.020359093323349953,0.0017220530426129699,-0.030858004465699196,-0.05457749217748642,-0.09250602126121521,-0.0700298622250557,-0.03588246554136276,0.013101061806082726,0.04833246394991875,0.07516733556985855,0.07044310867786407,0.05658503621816635,0.08372855931520462,0.10749579221010208,0.15657977759838104,0.12241479754447937,-0.07538662850856781,-0.20190365612506866,-0.2580091953277588,-0.21550409495830536,-0.1738492101430893,-0.11515050381422043,-0.0348842591047287,0.049999188631772995,0.08700062334537506,0.08244036883115768,0.06474266201257706,0.04990111663937569,0.03223588690161705,0.00043489475501701236,-0.02388639748096466,-0.031726546585559845,-0.08252672851085663,-0.10106468200683594,-0.07183246314525604
0.0,0.0,0.0,0.0,0.0,0.0,0.011943772435188293,-0.10792417824268341,0.010304281488060951,-0.004399298224598169,-0.09619122743606567,-0.03838019818067551,-0.011720892041921616,0.01832268200814724,0.04248069226741791,0.026747213676571846,-0.02405122108757496,-0.07594972848892212,-0.10300006717443466,-0.10230912268161774,-0.06375972926616669,-0.021058911457657814,0.01833653822541237,0.029827840626239777,0.032418280839920044,0.0284432303160429,0.05213239789009094,0.0860045775771141,0.10137546062469482,0.07010405510663986,-0.03722836822271347,-0.13596512377262115,-0.15594790875911713,-0.14376972615718842,-0.13429130613803864,-0.09846976399421692,-0.03595550358295441,0.03778153657913208,0.0820162296295166,0.09065991640090942,0.06898096203804016,0.05189516022801399,0.03340759128332138,0.004631455522030592,-0.01639733649790287,-0.044408831745386124,-0.09747272729873657,-0.0938623920083046,-0.08841884881258011
0.0,0.0,0.0,0.0,0.0,0.0,0.0013527902774512768,-0.05223811790347099,-0.006821937393397093,-0.12319113314151764,-0.0671372264623642,-0.003930798266083002,0.017860684543848038,0.046710241585969925,0.06270427256822586,0.04481418430805206,-0.013172421604394913,-0.08223109692335129,-0.1315566748380661,-0.14690034091472626,-0.09558235853910446,-0.05841674655675888,-0.0017067071748897433,0.012656588107347488,-0.0007996435160748661,0.0032024704851210117,0.019443361088633537,0.03544049337506294,0.04410320147871971,0.03073962591588497,-0.003053251188248396,-0.04602830111980438,-0.06646865606307983,-0.0753176286816597,-0.07389753311872482,-0.06884601712226868,-0.041605155915021896,0.006593032740056515,0.06315359473228455,0.08025664836168289,0.07104424387216568,0.05793444812297821,0.03530900925397873,0.014346439391374588,-0.014238158240914345,-0.04063013195991516,-0.07951807975769043,-0.08616846054792404,-0.08240263164043427
0.0,0.0,0.0,0.0,0.0,0.0,-0.027867892757058144,-0.022794749587774277,-0.11787596344947815,-0.09310971200466156,-0.012827188707888126,0.015189509838819504,0.04151742532849312,0.07185854017734528,0.09265228360891342,0.06930384784936905,-0.005725837778300047,-0.08470186591148376,-0.14476552605628967,-0.18309548497200012,-0.13082264363765717,-0.08178161084651947,-0.01570175774395466,0.002818644279614091,-0.013749782927334309,-0.021270688623189926,-0.004749838262796402,0.013789448887109756,0.021329320967197418,0.014900409616529942,0.00852588564157486,0.0011558267287909985,-0.010269029065966606,-0.019178995862603188,-0.020697854459285736,-0.030695805326104164,-0.051009245216846466,-0.029758315533399582,0.019568391144275665,0.06106826290488243,0.06528781354427338,0.05511146038770676,0.040274687111377716,0.020798979327082634,0.0002241816691821441,-0.020052170380949974,-0.03968391567468643,-0.06368759274482727,-0.08175476640462875
0.0,0.0,0.0,0.0,0.0,0.0,-0.03974192589521408,-0.14545512199401855,-0.11628539115190506,-0.04346528649330139,-0.013687418773770332,0.009075277484953403,0.060253821313381195,0.11444494873285294,0.13229219615459442,0.09424985200166702,0.00239651370793581,-0.086915984749794,-0.15023572742938995,-0.20686374604701996,-0.15682822465896606,-0.082405224442482,-0.022594250738620758,-0.02351178415119648,-0.01872444525361061,-0.03753478825092316,-0.02602841891348362,-0.0019216664368286729,0.010403531603515148,0.013529445976018906,0.012515474110841751,0.01648750901222229,0.02202240563929081,0.02148234099149704,0.01598191447556019,-0.0063772001303732395,-0.04450502619147301,-0.06575678288936615,-0.03189758211374283,0.030392708256840706,0.05618099495768547,0.051324762403964996,0.04540994390845299,0.032351549714803696,0.01938003860414028,0.006998940370976925,-0.008087321184575558,-0.03369574248790741,-0.07652851939201355
0.0,0.0,0.0,0.0,0.005620026029646397,0.00475197983905673,-0.12768566608428955,-0.16702774167060852,-0.0941079631447792,-0.049570232629776,-0.038119688630104065,0.009781194850802422,0.08120597898960114,0.1545335352420807,0.158128559589386,0.11334186792373657,0.004608427174389362,-0.087737537920475,-0.15221242606639862,-0.21992012858390808,-0.16026896238327026,-0.06222959980368614,-0.032116860151290894,-0.04049520567059517,-0.02969355508685112,-0.03801347315311432,-0.031261105090379715,-0.006281665060669184,0.004835847299546003,0.009892637841403484,0.01668451353907585,0.021474990993738174,0.027960238978266716,0.025206297636032104,0.02554858848452568,0.004571085330098867,-0.03901442512869835,-0.08445997536182404,-0.0702286958694458,-0.002672882517799735,0.0347413532435894,0.04111527279019356,0.048137832432985306,0.04443693533539772,0.040470022708177567,0.03296703100204468,0.01916942559182644,-0.009822002612054348,-0.064262755215168
0.0,0.0,0.0,0.007365941070020199,0.01842622458934784,0.05636902526021004,-0.23892587423324585,-0.14981169998645782,-0.08845929801464081,-0.07263783365488052,-0.03459823131561279,0.022502463310956955,0.0890074148774147,0.15816541016101837,0.16153889894485474,0.10820379853248596,0.010468335822224617,-0.08218440413475037,-0.15670055150985718,-0.1929607391357422,-0.13807204365730286,-0.026648327708244324,-0.046989571303129196,-0.03999611735343933,-0.03776295483112335,-0.03529471531510353,-0.03105301968753338,-0.0012632488505914807,0.013482657261192799,0.013572508469223976,0.022030174732208252,0.022808847948908806,0.021587196737527847,0.011099208146333694,0.01116295624524355,0.00538072781637311,-0.029064465314149857,-0.07844874262809753,-0.08520202338695526,-0.03155976161360741,0.008573917672038078,0.021020080894231796,0.03259846195578575,0.05303473770618439,0.05590440705418587,0.05080601945519447,0.04359918460249901,0.008714701980352402,-0.055067162960767746
0.0,0.0,0.0,0.0004999740631319582,0.08968407660722733,-0.11584097146987915,-0.2588822841644287,-0.12076948583126068,-0.09654384851455688,-0.06679624319076538,-0.014434256590902805,0.031944748014211655,0.08124501258134842,0.1276639997959137,0.15059341490268707,0.09407775104045868,0.011572175659239292,-0.08048325031995773,-0.14180435240268707,-0.13579072058200836,-0.07615718245506287,-0.010035009123384953,-0.05323066934943199,-0.04004216939210892,-0.039914097636938095,-0.029879970476031303,-0.02578100562095642,0.006133120972663164,0.02564050257205963,0.028555376455187798,0.03378943353891373,0.0216120183467865,0.00814246665686369,-0.001862026285380125,-3.827020191238262e-05,-0.01187606155872345,-0.022960079833865166,-0.062475286424160004,-0.08259528875350952,-0.05772310122847557,-0.02079632692039013,0.002810893813148141,0.014009613543748856,0.043306056410074234,0.06816718727350235,0.05983841419219971,0.0550861731171608,0.019311897456645966,-0.05580807104706764
0.0,0.0,0.0,0.04459456354379654,0.09870092570781708,-0.2951856851577759,-0.21410541236400604,-0.12678426504135132,-0.08903944492340088,-0.035000238567590714,0.008678868412971497,0.03524104878306389,0.0625746101140976,0.0913715660572052,0.10946092009544373,0.0742255449295044,0.0032018902711570263,-0.06398012489080429,-0.0987594947218895,-0.08755212277173996,-0.02383636310696602,-0.017258260399103165,-0.04605710878968239,-0.050913598388433456,-0.03828423470258713,-0.019581260159611702,-0.009094835259020329,0.029316304251551628,0.05628231167793274,0.0488915853202343,0.040329016745090485,0.02266751229763031,0.0003743679844774306,-0.007164085749536753,-0.010361694730818272,-0.016415126621723175,-0.031176147982478142,-0.04198182746767998,-0.05986393243074417,-0.0584966205060482,-0.041112858802080154,-0.011663801968097687,0.0027759831864386797,0.03607965633273125,0.06613083928823471,0.06643089652061462,0.05704577639698982,0.025255484506487846,-0.05076724663376808
0.0,0.0,0.04555481672286987,0.08876855671405792,-0.12944047152996063,-0.21804927289485931,-0.19088494777679443,-0.1362999826669693,-0.06722249835729599,-0.008170892484486103,0.023977845907211304,0.04462060704827309,0.049547433853149414,0.052002228796482086,0.0670405924320221,0.04930668696761131,-0.000663038925267756,-0.0420684739947319,-0.05574038624763489,-0.029289087280631065,-0.010867108590900898,-0.008071785792708397,-0.03091537393629551,-0.05694537237286568,-0.028326094150543213,0.003425227478146553,0.02611248567700386,0.05804675817489624,0.06105456501245499,0.05082244798541069,0.03963669762015343,0.02765805274248123,0.013327882625162601,-0.00728850532323122,-0.02195141278207302,-0.020099366083741188,-0.023494303226470947,-0.03301156312227249,-0.039478838443756104,-0.04415647312998772,-0.04117128625512123,-0.0225917249917984,-0.006132045760750771,0.02387138269841671,0.06162089854478836,0.07054256647825241,0.0472479984164238,0.021546099334955215,-0.044245313853025436
0.0,0.0,0.07658568769693375,-0.0440555214881897,-0.1514279544353485,-0.14325514435768127,-0.1809254288673401,-0.12762078642845154,-0.0435231514275074,0.010012728162109852,0.030448028817772865,0.04810499772429466,0.04505216330289841,0.02965567633509636,0.034522779285907745,0.034165337681770325,0.00741017609834671,-0.013831968419253826,-0.01968555897474289,-0.014196091331541538,-0.007892247289419174,0.0011861230013892055,-0.008375619538128376,-0.028111159801483154,-0.002343576867133379,0.028561027720570564,0.04920570179820061,0.034988824278116226,0.03314947709441185,0.06410294026136398,0.06510619819164276,0.051120344549417496,0.04079437255859375,-0.00589878112077713,-0.027936343103647232,-0.02246495895087719,-0.01291271299123764,-0.01158458273857832,-0.020183900371193886,-0.036027226597070694,-0.03906324878334999,-0.03452971950173378,-0.023532826453447342,-0.00202588620595634,0.04778626933693886,0.06011176109313965,0.03209882229566574,0.009426805190742016,-0.03692040592432022
0.0,0.0,0.06569197028875351,-0.15965543687343597,-0.10732152312994003,-0.11619572341442108,-0.17655088007450104,-0.11235400289297104,-0.02258305996656418,0.026097768917679787,0.03309144824743271,0.045166850090026855,0.04438953101634979,0.024363236501812935,0.017185037955641747,0.024336418136954308,0.01710115373134613,0.0016746652545407414,-0.013704865239560604,-0.009374059736728668,0.0023811233695596457,0.00808536633849144,0.004760815761983395,0.004287736490368843,0.01610456593334675,0.02420525997877121,0.0068952059373259544,-0.02594451978802681,0.0674779862165451,0.10882246494293213,0.11415070295333862,0.10000019520521164,0.08071429282426834,0.02025868184864521,-0.04171569272875786,-0.03485723212361336,-0.01281928364187479,-0.004573541693389416,-0.0112448800355196,-0.021374493837356567,-0.03611644729971886,-0.0374482162296772,-0.03637585788965225,-0.026760123670101166,0.014557714574038982,0.045229967683553696,0.02634226158261299,-0.0018227924592792988,-0.031757958233356476
0.0,0.06557833403348923,-0.06053280830383301,-0.22957834601402283,-0.061731211841106415,-0.10953298211097717,-0.17686648666858673,-0.09850884974002838,-0.0065199704840779305,0.024507107213139534,0.028120912611484528,0.041051074862480164,0.039489760994911194,0.02628636732697487,0.020398970693349838,0.02274744212627411,0.019768401980400085,0.009509725496172905,-0.001339215668849647,0.0007839412428438663,0.010364720597863197,0.016760392114520073,0.01887238770723343,0.019200537353754044,0.02716337889432907,-0.0035792577546089888,-0.0652797520160675,-0.006190896965563297,0.12037944048643112,0.1531829982995987,0.16402582824230194,0.14998605847358704,0.12111775577068329,0.040760595351457596,-0.04366026073694229,-0.05997556447982788,-0.014993811957538128,0.0010723329614847898,-0.00722946971654892,-0.024680407717823982,-0.027866419404745102,-0.030322734266519547,-0.03134026750922203,-0.03615952655673027,-0.02339007705450058,0.011597235687077045,0.01895216666162014,-0.00101195287425071,-0.028679082170128822
0.0252247154712677,0.0019891108386218548,-0.08281927555799484,-0.22614175081253052,-0.005969644524157047,-0.1007528305053711,-0.17459990084171295,-0.09178880602121353,-0.008032663725316525,0.0047817835584282875,0.01938689686357975,0.04199948534369469,0.03980065882205963,0.02886289544403553,0.02763502113521099,0.02521730773150921,0.02117091976106167,0.01380649209022522,0.004434110131114721,0.0012643705122172832,0.01351303793489933,0.03221561387181282,0.05128694325685501,0.03129427880048752,0.026267804205417633,-0.016229888424277306,-0.060458797961473465,0.036989014595746994,0.12717954814434052,0.12018182873725891,0.14878275990486145,0.16776317358016968,0.1791524589061737,0.09311243891716003,-0.028293563053011894,-0.07212397456169128,-0.02793635055422783,-0.005861594341695309,-0.012437752448022366,-0.02699119597673416,-0.035214778035879135,-0.02290523611009121,-0.01826423406600952,-0.0296542439609766,-0.04010903835296631,-0.024823961779475212,0.0032492841128259897,0.003050148719921708,-0.022511521354317665
0.0,3.563928112271242e-05,-0.07413586974143982,-0.1928524523973465,0.036328114569187164,-0.1299365907907486,-0.17040786147117615,-0.09170135110616684,-0.025612667202949524,-0.016585201025009155,0.011347424238920212,0.047511450946331024,0.04078836739063263,0.03200815990567207,0.02827109955251217,0.029043937101960182,0.024312103167176247,0.019888874143362045,0.006508123595267534,-0.000790263875387609,0.01482393592596054,0.03587891161441803,0.11058756709098816,0.05895530804991722,0.02818702533841133,0.011752513237297535,0.006597377825528383,0.06386032700538635,0.09872621297836304,0.0664040595293045,0.04925971105694771,0.10343710333108902,0.19036071002483368,0.14808060228824615,0.031321678310632706,-0.026034962385892868,-0.018626991659402847,-0.02809666283428669,-0.0386100672185421,-0.022083276882767677,-0.03150971233844757,-0.0106812734156847,-0.005548252258449793,-0.032311517745256424,-0.04719008132815361,-0.044033799320459366,-0.02330641634762287,-0.009839327074587345,-0.009122048504650593
0.0,0.0,-0.05847930163145065,-0.16263115406036377,0.043746523559093475,-0.13800349831581116,-0.19104383885860443,-0.10424479097127914,-0.0472261942923069,-0.03378591313958168,0.005489611532539129,0.045291367918252945,0.0472874753177166,0.03491832688450813,0.028871802613139153,0.03269771486520767,0.037178024649620056,0.02411407046020031,0.0009304800187237561,-0.0007156283827498555,0.027384307235479355,0.053646575659513474,0.0628187283873558,0.07748736441135406,0.06450285762548447,0.0558452345430851,0.06693340092897415,0.09701558202505112,0.10828839987516403,0.06443821638822556,-0.008098023943603039,-0.01904713548719883,0.06172990798950195,0.1148097813129425,0.0693420022726059,0.062159862369298935,0.06278417259454727,-0.013099722564220428,-0.06859572231769562,-0.056557945907115936,-0.022576026618480682,0.03630675747990608,0.03145472705364227,-0.06975763291120529,-0.08999238908290863,-0.06974498927593231,-0.04297732934355736,-0.024819305166602135,-0.028161581605672836
0.0,0.0,0.0,-0.0658264309167862,-0.04414965584874153,-0.031021224334836006,-0.28186532855033875,-0.13557776808738708,-0.06269558519124985,-0.04936271533370018,-0.020754557102918625,0.02476481907069683,0.06408952921628952,0.0495489276945591,0.02844337187707424,0.028974557295441628,0.03297775983810425,0.019507529214024544,0.004198933951556683,0.009248719550669193,0.03901276737451553,0.06706134974956512,0.08078628778457642,0.10328163951635361,0.10737356543540955,0.10299266874790192,0.1156696006655693,0.11495043337345123,0.08298709988594055,0.027939235791563988,-0.021228360012173653,-0.04879980906844139,-0.03557978942990303,0.0005140433786436915,0.08606743812561035,0.15837633609771729,0.033263660967350006,0.01980905421078205,0.01876726560294628,-0.11844994127750397,-0.023653952404856682,0.12116774171590805,0.0795997902750969,-0.08684902638196945,-0.1645103245973587,-0.11934389173984528,-0.08198600262403488,-0.046971261501312256,-0.04045102000236511
0.0,0.0,0.0,0.08956725895404816,-0.025276605039834976,-0.09203389286994934,-0.30600935220718384,-0.21607208251953125,-0.08623408526182175,-0.06295958161354065,-0.034401848912239075,0.0011124444426968694,0.057745397090911865,0.050743862986564636,0.03531550616025925,0.023481326177716255,0.03247750177979469,0.026135925203561783,0.03146932274103165,0.03870866075158119,0.05427149310708046,0.07238868623971939,0.1046876460313797,0.15130774676799774,0.14883646368980408,0.11694744229316711,0.06137087196111679,0.03868227079510689,0.0,0.0,0.0,0.0,0.0,0.016088150441646576,0.0,0.022597355768084526,0.0,0.05365335941314697,0.09905987977981567,-0.1282665878534317,-0.0053329793736338615,0.12599045038223267,0.09996509552001953,-0.06078358739614487,-0.17269746959209442,-0.15609797835350037,-0.13247254490852356,-0.08610889315605164,-0.053095754235982895
0.0,0.0,0.0,0.13237853348255157,0.019951263442635536,-0.11672396957874298,-0.28406697511672974,-0.2807103097438812,-0.1135869100689888,-0.07447271049022675,-0.038684096187353134,-0.010386330075562,0.014255041256546974,0.05337894707918167,0.04798147454857826,0.025552131235599518,0.02775268815457821,0.012081553228199482,0.03713628649711609,0.06663281470537186,0.07132000476121902,0.10040096193552017,0.16372989118099213,0.22425603866577148,0.0722365453839302,0.016684506088495255,0.0011315153678879142,0.0,0.0,0.0,0.0,0.0,0.0,0.0,0.0,0.0,0.0,0.017880812287330627,0.09070256352424622,-0.020201822742819786,0.03182973340153694,0.09928891807794571,0.12099511176347733,-0.011805758811533451,-0.0787755697965622,-0.11404761672019958,-0.17755454778671265,-0.146775484085083,-0.07767298072576523
0.0,0.0,0.0,0.02951991744339466,0.05969984829425812,-0.10724664479494095,-0.2927974462509155,-0.24373474717140198,-0.12868525087833405,-0.07241158932447433,-0.03593956306576729,0.002571226330474019,0.01821417175233364,0.02556978166103363,0.037818752229213715,0.04499415308237076,0.01607339270412922,-0.005652233958244324,0.04231732711195946,0.10678377002477646,0.11800112575292587,0.17490801215171814,0.19986286759376526,0.05637245997786522,0.0,0.0,0.0,0.0,0.0,0.0,0.0,0.0,0.0,0.0,0.0,0.0,0.0,0.0,0.0,0.017990097403526306,0.006227578967809677,0.0,0.17082227766513824,0.027753273025155067,0.03993488475680351,-0.05291258171200752,-0.195223867893219,-0.21250954270362854,-0.11580928415060043
