currents_20100916.json
{"header": {"parameterCategory":2,"parameterNumber":3,"nx":74,"ny":54,"lo1":27.46,"la1":47.1,"lo2":42.58,"la2":40.43,"dx":0.20712328767123284,"dy":0.12584905660377363,"refTime":"2010-09-16T12:00:00"}, "data":
[rows 22 to 43 of 54, columns 0 to 48 of 74]
0.0,0.0,0.0,0.0,0.0,0.0,0.04428896680474281,-0.1059446632862091,-0.1268525868654251,-0.01774376444518566,-0.002418368589133024,-0.0006239162757992744,-0.011891125701367855,0.021967342123389244,0.02130507305264473,-0.008645324036478996,-0.05303015559911728,-0.06579465419054031,-0.050604548305273056,-0.015053674578666687,0.03732363507151604,0.09130608290433884,0.11407506465911865,0.08695559203624725,0.03858289495110512,0.011291179805994034,0.034574538469314575,0.10073848813772202,0.10401701182126999,0.012354557402431965,-0.05981781706213951,-0.031433869153261185,-0.09779933094978333,-0.21138529479503632,-0.13889668881893158,-0.10017739981412888,-0.022604655474424362,0.04128154367208481,0.08214054256677628,0.10247351974248886,0.08777336031198502,0.05699716880917549,0.03824279457330704,0.009785573929548264,-0.031930532306432724,-0.05893547832965851,-0.018267160281538963,-0.006269629579037428,-0.016340279951691628
0.0,0.0,0.0,0.0,0.0,0.0,0.014486344531178474,-0.1254057139158249,-0.09475772082805634,-0.0035361568443477154,-0.008926996029913425,-0.008991864509880543,-0.0138864042237401,0.021168682724237442,0.019032448530197144,-0.004658607766032219,-0.03812100738286972,-0.07661843299865723,-0.08494322001934052,-0.05432076379656792,-0.005217820405960083,0.04016655310988426,0.08555665612220764,0.1082843467593193,0.07932645827531815,0.03456682711839676,0.05966725945472717,0.11911888420581818,0.10167825222015381,0.07803337275981903,-0.043522197753190994,-0.1301761269569397,-0.2768036425113678,-0.23765411972999573,-0.15319278836250305,-0.08887180685997009,-0.011633090674877167,0.06279512494802475,0.11411011219024658,0.11170294135808945,0.09535861760377884,0.07514377683401108,0.05903777480125427,0.02132232114672661,-0.024660170078277588,-0.04586323723196983,-0.028955886140465736,-0.07396513223648071,-0.05756213515996933
0.0,0.0,0.0,0.0,0.0,0.0,-0.015439733862876892,-0.14426842331886292,-0.04361925274133682,0.01749025285243988,-0.04077162221074104,-0.016220690682530403,-0.005330012645572424,0.02954290620982647,0.036011986434459686,0.005426821764558554,-0.03930797800421715,-0.05855710059404373,-0.11451932787895203,-0.08389247208833694,-0.04650942608714104,0.0013802056200802326,0.036646004766225815,0.06084604188799858,0.0614648200571537,0.03254107013344765,0.04959346726536751,0.09662245213985443,0.0812448263168335,0.07993102073669434,-0.03321295604109764,-0.19621776044368744,-0.2550897002220154,-0.1990126669406891,-0.13898375630378723,-0.09117716550827026,-0.021939434111118317,0.05237450823187828,0.11706791073083878,0.11287283897399902,0.09274126589298248,0.07659417390823364,0.059354715049266815,0.024113917723298073,-0.016009656712412834,-0.037212323397397995,-0.058203455060720444,-0.1099560335278511,-0.08086592704057693
0.0,0.0,0.0,0.0,0.0,0.0,-0.0588008351624012,-0.10710650682449341,0.0036426703445613384,-0.031628772616386414,-0.06767269968986511,-0.003601022297516465,0.013029131107032299,0.045479144901037216,0.05421118438243866,0.032509543001651764,-0.03100072592496872,-0.07883278280496597,-0.11242441833019257,-0.12529456615447998,-0.08035629987716675,-0.03793615847826004,0.0044461931101977825,0.011118645779788494,0.008153638802468777,0.0016731973737478256,0.008208063431084156,0.05028480663895607,0.06379786133766174,0.023931587114930153,-0.04050436243414879,-0.12832990288734436,-0.1612926870584488,-0.14449748396873474,-0.11825568228960037,-0.09144194424152374,-0.03852459788322449,0.029189491644501686,0.09733187407255173,0.1118057370185852,0.08895811438560486,0.0619623176753521,0.04374498873949051,0.01984473504126072,-0.015442988835275173,-0.04304652288556099,-0.07312144339084625,-0.10902494192123413,-0.090150848031044
0.0,0.0,0.0,0.0,0.0,0.0,-0.08486159145832062,-0.027246583253145218,-0.04865342006087303,-0.11392423510551453,-0.023252518847584724,0.027766769751906395,0.039887819439172745,0.06565019488334656,0.07176417112350464,0.04832356795668602,-0.009712008759379387,-0.07641101628541946,-0.12626029551029205,-0.17050611972808838,-0.11703189462423325,-0.07840918749570847,-0.022155098617076874,-0.0075987339951097965,-0.026443861424922943,-0.034015554934740067,-0.02306000515818596,-0.0033556174021214247,0.008647128008306026,0.0015455491375178099,-0.02789652906358242,-0.06859927624464035,-0.0903264656662941,-0.0937177836894989,-0.08803246170282364,-0.08345809578895569,-0.06324119120836258,-0.009234634228050709,0.06478651612997055,0.09566454589366913,0.09105689823627472,0.06451091915369034,0.03503257781267166,0.011779960244894028,-0.016250913962721825,-0.04589267447590828,-0.06656438112258911,-0.08636871725320816,-0.08272255957126617
0.0,0.0,0.0,0.0,0.0,0.0,-0.09049813449382782,-0.08227826654911041,-0.12816786766052246,-0.05719796568155289,0.023873964324593544,0.036560386419296265,0.060798969119787216,0.08570361882448196,0.09134955704212189,0.06398382782936096,0.0008772501023486257,-0.07645495235919952,-0.14244532585144043,-0.20737260580062866,-0.15799933671951294,-0.1060120016336441,-0.03678883612155914,-0.02041175216436386,-0.03661718592047691,-0.05825761333107948,-0.05161921679973602,-0.032015927135944366,-0.016576524823904037,-0.016224294900894165,-0.0276942141354084,-0.042053282260894775,-0.04978311434388161,-0.05287107825279236,-0.05610354617238045,-0.06363731622695923,-0.07957875728607178,-0.046098023653030396,0.01735011860728264,0.06746870279312134,0.08168675750494003,0.07381374388933182,0.05040469393134117,0.018662719056010246,-0.00969450268894434,-0.03240887075662613,-0.043022673577070236,-0.05865998566150665,-0.07667874544858932
0.0,0.0,0.0,0.0,0.0,0.0,-0.12529508769512177,-0.16122548282146454,-0.09115070104598999,-0.011085771024227142,0.012285683304071426,0.028451159596443176,0.07537514716386795,0.12144648283720016,0.12303195893764496,0.07157814502716064,-0.004857897758483887,-0.08393678814172745,-0.15229609608650208,-0.2289312481880188,-0.1806357204914093,-0.10172832757234573,-0.03971293941140175,-0.04496229812502861,-0.04061669483780861,-0.06847798079252243,-0.06950483471155167,-0.04663286358118057,-0.031437356024980545,-0.02203945815563202,-0.019604936242103577,-0.02252737060189247,-0.022679105401039124,-0.01864953152835369,-0.02282448299229145,-0.04148024693131447,-0.06539691984653473,-0.06823203712701797,-0.028187528252601624,0.03181023523211479,0.0677795261144638,0.07386816293001175,0.060013528913259506,0.04201102256774902,0.023576198145747185,0.009197060950100422,-0.000518777291290462,-0.024741722270846367,-0.06275647133588791
0.0,0.0,0.0,0.0,0.00510167283937335,0.004487007390707731,-0.20875923335552216,-0.1539100706577301,-0.055103760212659836,-0.027137763798236847,-0.01717923954129219,0.025192517787218094,0.09370329976081848,0.16495580971240997,0.15412306785583496,0.08465496450662613,-0.013362250290811062,-0.08984869718551636,-0.16188302636146545,-0.23482975363731384,-0.17099569737911224,-0.07138759642839432,-0.047049667686223984,-0.05375215411186218,-0.05158079415559769,-0.06650283187627792,-0.06834790855646133,-0.040739648044109344,-0.029088767245411873,-0.02400917559862137,-0.007038846146315336,0.0025883251801133156,0.005910883657634258,0.0056745209731161594,0.012141793966293335,-0.006277992855757475,-0.04217541217803955,-0.07067219167947769,-0.05845816433429718,0.002976651070639491,0.051314037293195724,0.06521838903427124,0.06728898733854294,0.059400901198387146,0.05354224517941475,0.04931987449526787,0.05326365306973457,0.031791962683200836,-0.027686575427651405
0.0,0.0,0.0,-0.0026321953628212214,0.0241194237023592,0.010788616724312305,-0.2559753358364105,-0.11139364540576935,-0.0638614371418953,-0.06137971580028534,-0.026927117258310318,0.03397170454263687,0.10414519906044006,0.17382918298244476,0.18492035567760468,0.10132213681936264,-0.00125643250066787,-0.08031868934631348,-0.16148950159549713,-0.19387920200824738,-0.14554767310619354,-0.03108764998614788,-0.058338165283203125,-0.05228876695036888,-0.0518215112388134,-0.053847525268793106,-0.04705240577459335,-0.014147933572530746,-0.0029534315690398216,-0.006180972326546907,0.005414959974586964,0.014829112216830254,0.021533243358135223,0.014320185407996178,0.01679905503988266,0.015008240006864071,-0.014719504863023758,-0.05480146408081055,-0.07008305937051773,-0.017600398510694504,0.04057351499795914,0.06026395410299301,0.06768664717674255,0.07621835172176361,0.0783359631896019,0.0801447182893753,0.09140536934137344,0.0855707898736,0.026037268340587616
0.0,0.0,0.0,-0.006002173293381929,0.08157961815595627,-0.19518324732780457,-0.2447623461484909,-0.10438113659620285,-0.0868641585111618,-0.05996278300881386,-0.009601632133126259,0.040252551436424255,0.09923584014177322,0.15670308470726013,0.19221216440200806,0.11800489574670792,0.019625481218099594,-0.06746962666511536,-0.1401986926794052,-0.1434212327003479,-0.07615166902542114,-0.015329199843108654,-0.05689793452620506,-0.05064361169934273,-0.04719855636358261,-0.02977006882429123,-0.012420007959008217,0.01847083866596222,0.027106821537017822,0.02378629893064499,0.028197189792990685,0.02497190237045288,0.02174428105354309,0.015909850597381592,0.021123221144080162,0.009966998361051083,0.0022147605195641518,-0.03043789602816105,-0.053458139300346375,-0.02721203677356243,0.03035889007151127,0.05289288982748985,0.061196837574243546,0.07986994832754135,0.1009468287229538,0.10067179054021835,0.11663896590471268,0.12594887614250183,0.06113680079579353
0.0,0.0,0.0,0.03317262604832649,0.04063792526721954,-0.292295902967453,-0.21182513236999512,-0.12644734978675842,-0.08325480669736862,-0.028515908867120743,0.016933001577854156,0.048427764326334,0.08298607915639877,0.12551912665367126,0.14771266281604767,0.12528005242347717,0.03877576068043709,-0.03965727984905243,-0.08571590483188629,-0.0773000493645668,-0.014353328384459019,-0.008829786442220211,-0.03420605883002281,-0.04638128727674484,-0.03255403786897659,-0.00902096088975668,0.01368748489767313,0.048370201140642166,0.06340474635362625,0.049563102424144745,0.04509880766272545,0.03273841738700867,0.023228788748383522,0.021446308121085167,0.024327445775270462,0.016754524782299995,-0.0012723683612421155,-0.010814339853823185,-0.027492454275488853,-0.020252415910363197,0.007712006103247404,0.031298525631427765,0.04494001343846321,0.06752688437700272,0.09322239458560944,0.09439606964588165,0.10039512068033218,0.11855820566415787,0.06606360524892807
0.0,0.0,0.04415413737297058,0.08415625244379044,-0.1915341019630432,-0.21884749829769135,-0.1854441910982132,-0.13419584929943085,-0.06078479439020157,-0.0002565507893450558,0.03260786458849907,0.05614425987005234,0.0703045129776001,0.09006612747907639,0.11678577959537506,0.10235865414142609,0.05310722440481186,-0.003825386753305793,-0.02681332267820835,-0.00512178847566247,0.012148210778832436,0.008354391902685165,-0.012115409597754478,-0.04045883193612099,-0.014862914569675922,0.015304758213460445,0.043757107108831406,0.06899692863225937,0.0672227069735527,0.05604703351855278,0.04934699088335037,0.04061651602387428,0.026097241789102554,0.021083315834403038,0.02497270330786705,0.03001784160733223,0.014851833693683147,-0.003069414524361491,-0.01304719876497984,-0.014902673661708832,-0.008165553212165833,0.007762131281197071,0.0232352614402771,0.04608646035194397,0.06952577084302902,0.08146116137504578,0.0721096396446228,0.08452678471803665,0.04324794560670853
0.0,0.0,0.072133868932724,-0.0723370611667633,-0.2014666199684143,-0.1524953842163086,-0.17839176952838898,-0.12187965959310532,-0.03687223047018051,0.016165882349014282,0.034130245447158813,0.052523642778396606,0.06252408772706985,0.0689694806933403,0.07766011357307434,0.08729922026395798,0.059643592685461044,0.03423077613115311,0.026426875963807106,0.02554255537688732,0.02821047231554985,0.02851349487900734,0.011590693145990372,-0.008500314317643642,0.01469373144209385,0.04326189309358597,0.062485869973897934,0.0537106953561306,0.04884091392159462,0.06514456868171692,0.06123550236225128,0.05728727951645851,0.03630895912647247,0.0061494591645896435,0.015464610420167446,0.029311716556549072,0.030904538929462433,0.018571387976408005,0.0012241342337802052,-0.013648785650730133,-0.01691235415637493,-0.007830309681594372,0.005354795139282942,0.01801152154803276,0.050957269966602325,0.0664033368229866,0.052795540541410446,0.04599433392286301,0.020080219954252243
0.0,0.0,0.03759239986538887,-0.19805742800235748,-0.14492341876029968,-0.12964974343776703,-0.17944687604904175,-0.10692474991083145,-0.019690878689289093,0.02437283657491207,0.02664663828909397,0.041486479341983795,0.051933515816926956,0.054099682718515396,0.055139217525720596,0.06250204145908356,0.05259380117058754,0.04502794146537781,0.04077672213315964,0.03866063430905342,0.044361524283885956,0.04183346778154373,0.03327527642250061,0.030284138396382332,0.0340002216398716,0.04036826267838478,0.0224444642663002,0.008318538777530193,0.0738360732793808,0.09439466893672943,0.09152738004922867,0.09141712635755539,0.06154388189315796,-0.010580513626337051,-0.02281247079372406,0.01773117296397686,0.03461568430066109,0.030014023184776306,0.014070370234549046,-0.0034858875442296267,-0.020454075187444687,-0.012418963946402073,-0.006326226983219385,-0.006968958768993616,0.0227355994284153,0.052759382873773575,0.04303591698408127,0.01384006254374981,-0.007898161187767982
0.0,0.06154210865497589,-0.12136726826429367,-0.25778472423553467,-0.09308504313230515,-0.12115970253944397,-0.18115417659282684,-0.09853146225214005,-0.009420265443623066,0.017506467178463936,0.01745215244591236,0.03414972126483917,0.03863373398780823,0.041501618921756744,0.04528484493494034,0.048096586018800735,0.04081197828054428,0.03856256231665611,0.041320741176605225,0.04546447843313217,0.05077590420842171,0.05023076757788658,0.04336228966712952,0.040079183876514435,0.038453325629234314,-0.0030751503072679043,-0.05579250305891037,0.029985010623931885,0.11534079164266586,0.14005647599697113,0.14406898617744446,0.12267898768186569,0.07420959323644638,-0.017480924725532532,-0.07373987138271332,-0.00967731699347496,0.032164208590984344,0.030260443687438965,0.0066698044538497925,-0.012689638882875443,-0.013773592188954353,-0.006869505625218153,-0.009492381475865841,-0.017643554136157036,-0.009559769183397293,0.025100786238908768,0.02704775147140026,-0.0008550291531719267,-0.029889648780226707
0.024391934275627136,0.0020212659146636724,-0.1663980334997177,-0.2552545964717865,-0.043790899217128754,-0.12303090840578079,-0.17921312153339386,-0.09547758847475052,-0.014975997619330883,-0.003434155136346817,0.011220471002161503,0.03682536259293556,0.038430530577898026,0.035082943737506866,0.043875884264707565,0.04501979798078537,0.03710189834237099,0.0362112857401371,0.03870375454425812,0.04278164356946945,0.05287817120552063,0.06279086321592331,0.060175053775310516,0.038989610970020294,0.03341851383447647,-0.044108256697654724,-0.06632848083972931,0.053441695868968964,0.13792000710964203,0.15158233046531677,0.1708083301782608,0.15629158914089203,0.11925390362739563,-0.011356963776051998,-0.09271988272666931,-0.04323114827275276,0.013248506933450699,0.012622443959116936,-0.006278388202190399,-0.037744611501693726,-0.027068953961133957,-0.008178520947694778,-0.006519639398902655,-0.020364204421639442,-0.02718007005751133,-0.00909619964659214,0.0013175499625504017,-0.01350706722587347,-0.047792699187994
0.0,0.00017380775534547865,-0.13931964337825775,-0.20670504868030548,-0.0011445708805695176,-0.18891100585460663,-0.18100784718990326,-0.0984245166182518,-0.03683934360742569,-0.024965478107333183,0.005076035391539335,0.04418979585170746,0.044645197689533234,0.03912713751196861,0.04331018030643463,0.047267429530620575,0.04174068570137024,0.041979704052209854,0.04070538282394409,0.04151613265275955,0.05477624759078026,0.06622951477766037,0.12072553485631943,0.046955469995737076,0.022426661103963852,-0.017981860786676407,-0.013627028092741966,0.06556972116231918,0.08500274270772934,0.09190844744443893,0.12374848872423172,0.16219644248485565,0.15203814208507538,0.04755161330103874,-0.053998302668333054,-0.03241100534796715,0.005851509980857372,-0.01866241730749607,-0.03314957022666931,-0.0574859082698822,-0.04242970049381256,-0.015497781336307526,-0.024768898263573647,-0.04038689285516739,-0.04164961352944374,-0.039373528212308884,-0.03383580222725868,-0.04132632166147232,-0.052815619856119156
0.0,0.0,-0.10873059928417206,-0.18231989443302155,0.038314782083034515,-0.2011776566505432,-0.24425630271434784,-0.11054527759552002,-0.055946361273527145,-0.03832655027508736,0.003291047178208828,0.05288682132959366,0.05458374693989754,0.04391036182641983,0.0423881895840168,0.05294729769229889,0.055145177990198135,0.04929327964782715,0.03692611679434776,0.037565890699625015,0.058292802423238754,0.06463976204395294,0.0996466800570488,0.0729978010058403,0.05032537132501602,0.034295592457056046,0.04509781301021576,0.0814734622836113,0.09183066338300705,0.03920364752411842,0.006666358094662428,0.06814843416213989,0.11996138095855713,0.08347123116254807,0.029691552743315697,0.041810277849435806,0.06970936059951782,-0.03952106460928917,-0.11002617329359055,-0.08905843645334244,-0.015212524682283401,0.006843653507530689,-0.057767488062381744,-0.09737779945135117,-0.0857580304145813,-0.06641930341720581,-0.06274863332509995,-0.060642629861831665,-0.06595276296138763
0.0,0.0,0.0,-0.11477891355752945,-0.05812523141503334,-0.11977910995483398,-0.36375731229782104,-0.13968446850776672,-0.07149330526590347,-0.04744485020637512,-0.012479113414883614,0.041462577879428864,0.07606497406959534,0.06446385383605957,0.0467861145734787,0.04382535070180893,0.04732754826545715,0.042877040803432465,0.03264124318957329,0.042920906096696854,0.07029350847005844,0.08294043689966202,0.08713774383068085,0.10447113960981369,0.11139734834432602,0.10859832912683487,0.11769206076860428,0.14235809445381165,0.10209190100431442,0.007884185761213303,-0.03884470462799072,-0.031211620196700096,0.007401213049888611,0.04391616955399513,0.10809086263179779,0.0989016741514206,0.04362739622592926,0.006839791312813759,-0.15638850629329681,-0.13233236968517303,0.03708998113870621,0.053486455231904984,-0.07716809958219528,-0.1712285280227661,-0.14445772767066956,-0.11344652622938156,-0.09356071799993515,-0.07400421798229218,-0.07059513032436371
0.0,0.0,0.0,0.06033005192875862,-0.1048763319849968,-0.11646829545497894,-0.41029080748558044,-0.19086670875549316,-0.08946916460990906,-0.05193426460027695,-0.018203390762209892,0.02973308600485325,0.08334379643201828,0.07103028148412704,0.05016472563147545,0.042097777128219604,0.043458953499794006,0.04278203845024109,0.05167968198657036,0.0614335723221302,0.08171670138835907,0.09978355467319489,0.12303756922483444,0.1520051807165146,0.16213569045066833,0.13244874775409698,0.0815671905875206,0.04989231377840042,0.0,0.0,0.0,0.0,0.0,0.030896075069904327,0.0,0.0023880412336438894,0.0,0.029699882492423058,-0.058804892003536224,-0.13562405109405518,0.08535747230052948,0.046745166182518005,-0.04987119883298874,-0.16525676846504211,-0.1570465862751007,-0.15298444032669067,-0.14002613723278046,-0.09724550694227219,-0.07497517019510269
0.0,0.0,0.0,0.12749895453453064,-0.08775588124990463,-0.17609117925167084,-0.38806962966918945,-0.21320822834968567,-0.09912601858377457,-0.057641126215457916,-0.013523660600185394,0.015087660402059555,0.05798953026533127,0.07565347850322723,0.056062594056129456,0.03944200649857521,0.0333121120929718,0.037948962301015854,0.07035820186138153,0.08797205239534378,0.10094428807497025,0.11802797019481659,0.1630142331123352,0.22912652790546417,0.06625042855739594,0.019120555371046066,0.0011702756164595485,0.0,0.0,0.0,0.0,0.0,0.0,0.0,0.0,0.0,0.0,0.008045954629778862,0.01580050028860569,-0.019983364269137383,0.012119430117309093,0.07835351675748825,-0.005461175926029682,-0.07329307496547699,-0.06738658994436264,-0.15782351791858673,-0.20307394862174988,-0.1441125124692917,-0.08607549965381622
0.0,0.0,0.0,0.03355607017874718,-0.03504322096705437,-0.26091015338897705,-0.3012050986289978,-0.16518853604793549,-0.10427563637495041,-0.0605512373149395,-0.014735820703208447,0.018456360325217247,0.03198007121682167,0.054468318819999695,0.07483963668346405,0.053527746349573135,0.017089884728193283,0.016642367467284203,0.10357239842414856,0.1312481164932251,0.1340380609035492,0.1698794811964035,0.18859048187732697,0.05867820233106613,0.0,0.0,0.0,0.0,0.0,0.0,0.0,0.0,0.0,0.0,0.0,0.0,0.0,0.0,0.0,0.008278886787593365,0.018683254718780518,0.0,0.06654778867959976,-0.0017091984627768397,0.015977350994944572,-0.1510099470615387,-0.24573040008544922,-0.19447757303714752,-0.10780509561300278
