currents_20100911.json
{"header": {"parameterCategory":2,"parameterNumber":3,"nx":74,"ny":54,"lo1":27.46,"la1":47.1,"lo2":42.58,"la2":40.43,"dx":0.20712328767123284,"dy":0.12584905660377363,"refTime":"2010-09-11T12:00:00"}, "data":
[rows 22 to 43 of 54, columns 0 to 48 of 74]
0.0,0.0,0.0,0.0,0.0,0.0,-0.09480699151754379,-0.3498089611530304,-0.12427224218845367,-0.1042603924870491,-0.07242439687252045,-0.03415051847696304,-0.030277226120233536,-0.01438479870557785,0.02402617409825325,0.025292742997407913,0.020615670830011368,0.012999222613871098,-0.042123906314373016,-0.02046097256243229,0.0747527927160263,0.11114521324634552,0.134010449051857,0.12881864607334137,0.0800091028213501,0.04362918436527252,0.039508238434791565,0.09798402339220047,0.18297316133975983,0.17178581655025482,0.10199621319770813,0.03845665231347084,-0.11284544318914413,-0.27259621024131775,-0.30048444867134094,-0.2038794904947281,-0.08847276121377945,0.02201016992330551,0.10372107475996017,0.15206927061080933,0.17793145775794983,0.18106812238693237,0.1359374076128006,0.08898155391216278,0.0418420247733593,0.03637930378317833,0.07264980673789978,0.09210976213216782,0.0844946801662445
0.0,0.0,0.0,0.0,0.0,0.0,-0.25188007950782776,-0.26359790563583374,-0.08075424283742905,-0.06816200166940689,-0.09466931968927383,-0.10118132084608078,-0.05230579152703285,-0.001965241739526391,0.026622571051120758,0.03217831626534462,0.020939918234944344,0.020380571484565735,-0.04516997188329697,-0.05546046048402786,0.024279991164803505,0.05805988609790802,0.10003040730953217,0.14197373390197754,0.12742465734481812,0.08548801392316818,0.05878497287631035,0.07202748209238052,0.1354508399963379,0.11779530346393585,0.046488206833601,-0.0020298331510275602,-0.12940554320812225,-0.24663566052913666,-0.23297198116779327,-0.15250679850578308,-0.06401151418685913,0.02833443507552147,0.11545871943235397,0.17996199429035187,0.20710277557373047,0.19818538427352905,0.14539168775081635,0.09810248017311096,0.05835651978850365,0.03795630484819412,0.039633456617593765,0.045829541981220245,0.05219733342528343
0.0,0.0,0.0,0.0,0.0,0.0,-0.25741636753082275,-0.25161123275756836,-0.10142698884010315,-0.07762978225946426,-0.11163941770792007,-0.09526550024747849,-0.03392380475997925,0.005119254346936941,0.04907083511352539,0.05575145408511162,0.025474391877651215,-0.0006787104648537934,-0.0414256826043129,-0.10296519845724106,-0.024730922654271126,0.009154523722827435,0.05250969156622887,0.0985325425863266,0.12649992108345032,0.10592315346002579,0.06638767570257187,0.05586222559213638,0.10286489129066467,0.10326395183801651,0.031031442806124687,-0.023899704217910767,-0.0851433053612709,-0.12766818702220917,-0.114009328186512,-0.07915451377630234,-0.041475385427474976,0.026492858305573463,0.12410836666822433,0.18766984343528748,0.20835593342781067,0.19198846817016602,0.14993420243263245,0.10310326516628265,0.06559106707572937,0.041096728295087814,0.016618285328149796,0.027989370748400688,0.037893615663051605
0.0,0.0,0.0,0.0,0.0,0.0,-0.3576751947402954,-0.2574950158596039,-0.13938160240650177,-0.09017159789800644,-0.0847017765045166,-0.05506930127739906,-0.013411477208137512,0.031891535967588425,0.07438912242650986,0.07541333138942719,0.03915097564458847,-0.012040067464113235,-0.07510088384151459,-0.1383488029241562,-0.07365011423826218,-0.033627916127443314,0.017669765278697014,0.059018172323703766,0.0863921269774437,0.0843900665640831,0.06675136089324951,0.06042330712080002,0.08148378878831863,0.08267586678266525,0.04408165439963341,0.006905669812113047,-0.024507800117135048,-0.041882339864969254,-0.03697051480412483,-0.03376520797610283,-0.03466791287064552,0.01352251973003149,0.11207736283540726,0.17928098142147064,0.20134402811527252,0.18019868433475494,0.14324575662612915,0.10605724900960922,0.07562647759914398,0.04257987067103386,0.014138517901301384,0.017729083076119423,0.021659187972545624
0.0,0.0,0.0,0.0,0.0,0.0,-0.5063995718955994,-0.2909810543060303,-0.15138252079486847,-0.08284991979598999,-0.06469006836414337,-0.017662828788161278,0.018245942890644073,0.0636100322008133,0.09936949610710144,0.09818747639656067,0.061734143644571304,-0.01797313243150711,-0.10160559415817261,-0.15682879090309143,-0.12107113748788834,-0.07110980898141861,0.006725415121763945,0.039998169988393784,0.07013384252786636,0.07494413107633591,0.05943742021918297,0.05901463329792023,0.06765805929899216,0.07143344730138779,0.061746127903461456,0.03682626411318779,0.01715371198952198,0.005570404231548309,-0.0008916711085475981,-0.008445381186902523,-0.026550017297267914,-0.008599749766290188,0.07499717175960541,0.1449628472328186,0.17941993474960327,0.1774539351463318,0.1456667184829712,0.10558312386274338,0.07430402934551239,0.044899050146341324,0.016220634803175926,0.010017573833465576,0.01092795841395855
0.0,0.0,0.0,0.0,0.0,0.0,-0.528612494468689,-0.31904199719429016,-0.14520737528800964,-0.08338121324777603,-0.032318636775016785,0.011191260069608688,0.043006155639886856,0.09759576618671417,0.13363692164421082,0.13027219474315643,0.08383563160896301,-0.016945593059062958,-0.11497386544942856,-0.17334695160388947,-0.1596822291612625,-0.08006082475185394,0.017626380547881126,0.030743002891540527,0.04867342859506607,0.06821249425411224,0.05851724371314049,0.05436895787715912,0.06200113520026207,0.08009063452482224,0.08463375270366669,0.07205194234848022,0.06060723960399628,0.052146535366773605,0.03656858205795288,0.012064790353178978,-0.024009479209780693,-0.033803679049015045,0.02483690157532692,0.10405083000659943,0.15321165323257446,0.16944845020771027,0.15561902523040771,0.12237323820590973,0.08995118737220764,0.0506230928003788,0.020465439185500145,0.008538112975656986,0.007844881154596806
0.0,0.0,0.0,0.0,0.0,0.0,-0.6427968740463257,-0.29372018575668335,-0.12048617005348206,-0.061987411230802536,-0.022787069901823997,0.025327475741505623,0.06833408772945404,0.1267559826374054,0.16459397971630096,0.14681601524353027,0.09240534156560898,-0.015086071565747261,-0.11847846210002899,-0.18132449686527252,-0.17223279178142548,-0.056584812700748444,0.02339034341275692,0.02593342773616314,0.03865373134613037,0.04692518711090088,0.04781526327133179,0.04983709752559662,0.06469333171844482,0.08111261576414108,0.08678990602493286,0.08560682833194733,0.08378364890813828,0.08726868778467178,0.07674232870340347,0.04775814712047577,-0.00549004040658474,-0.04735412821173668,-0.021539293229579926,0.060345035046339035,0.12382470816373825,0.1523352712392807,0.15263265371322632,0.13606874644756317,0.11164825409650803,0.07511680573225021,0.04104219004511833,0.020535781979560852,-0.004018665757030249
0.0,0.0,0.0,0.0,-0.004883789457380772,-0.015363656915724277,-0.751470685005188,-0.24173469841480255,-0.09161381423473358,-0.06814326345920563,-0.026998957619071007,0.031701941043138504,0.09059732407331467,0.14896546304225922,0.18531571328639984,0.16342638432979584,0.09233703464269638,-0.008668643422424793,-0.10134103894233704,-0.17630232870578766,-0.15632560849189758,-0.019283397123217583,0.02235661819577217,0.019199488684535027,0.03707721456885338,0.03678645193576813,0.0342128612101078,0.047291502356529236,0.07394392043352127,0.08197106420993805,0.07820692658424377,0.08760769665241241,0.08866464346647263,0.08236315101385117,0.0861024409532547,0.06942182779312134,0.017578313127160072,-0.036011770367622375,-0.042110785841941833,0.02905789390206337,0.08843160420656204,0.1286569982767105,0.1508200317621231,0.142276793718338,0.130096435546875,0.10335670411586761,0.08210045844316483,0.04617553949356079,-0.010312781669199467
0.0,0.0,0.0,-0.048985302448272705,-0.014158087782561779,-0.34849801659584045,-0.4997722804546356,-0.18598347902297974,-0.11410797387361526,-0.08179324865341187,-0.017037944868206978,0.042870115488767624,0.09326978772878647,0.1577995866537094,0.19536079466342926,0.18767087161540985,0.11001350730657578,0.015610232949256897,-0.07682293653488159,-0.141821026802063,-0.10930902510881424,0.004964007064700127,0.0153580941259861,0.011504003778100014,0.029610387980937958,0.0353173203766346,0.042468901723623276,0.06128688156604767,0.08338376134634018,0.07853300869464874,0.08049199730157852,0.08258581906557083,0.08246415853500366,0.07556387782096863,0.07288147509098053,0.06141248717904091,0.028172940015792847,-0.01833215169608593,-0.031199999153614044,0.005546238273382187,0.05759526044130325,0.09974531829357147,0.13034822046756744,0.1440678983926773,0.1430809199810028,0.12505704164505005,0.10662688314914703,0.07157981395721436,0.0014324518851935863
0.0,0.0,0.0,-0.19517043232917786,-0.15685270726680756,-0.3599085211753845,-0.2784169614315033,-0.15460611879825592,-0.12955258786678314,-0.06643501669168472,0.012436097487807274,0.059990495443344116,0.0885230302810669,0.13668186962604523,0.1911153793334961,0.18195383250713348,0.12677155435085297,0.039310209453105927,-0.05405360832810402,-0.10203003883361816,-0.04637621343135834,0.01565900444984436,0.02472306415438652,0.013496444560587406,0.023730004206299782,0.03223321959376335,0.049521561712026596,0.06059980392456055,0.07006318122148514,0.07662002742290497,0.0856776311993599,0.0824969932436943,0.07553786784410477,0.07511810958385468,0.06919004768133163,0.047899093478918076,0.032391928136348724,0.003835443640127778,-0.022427814081311226,-0.013823896646499634,0.03198344260454178,0.07584774494171143,0.11627139896154404,0.12840014696121216,0.14622557163238525,0.13411971926689148,0.12017067521810532,0.08072061836719513,0.012296399101614952
0.0,0.0,0.0,-0.2310335338115692,-0.22319385409355164,-0.24833399057388306,-0.1997973918914795,-0.1668529361486435,-0.11457468569278717,-0.0296014491468668,0.03208766132593155,0.06645067781209946,0.09012645483016968,0.10408567637205124,0.14960569143295288,0.16546352207660675,0.11364085972309113,0.05645294487476349,-0.01278260350227356,-0.033595722168684006,0.0072794109582901,0.03758871927857399,0.043613772839307785,0.025856345891952515,0.03216506540775299,0.04708535224199295,0.057777319103479385,0.0682208463549614,0.0715445801615715,0.07599141448736191,0.0778808444738388,0.07405547052621841,0.07051074504852295,0.07994239777326584,0.07836166769266129,0.05036501586437225,0.033095333725214005,0.017199482768774033,-0.002868215786293149,-0.009525789879262447,0.01758119836449623,0.058446839451789856,0.09248482435941696,0.10876699537038803,0.13919037580490112,0.13538284599781036,0.11671671271324158,0.07579506188631058,0.004862064961344004
0.0,0.0,-0.13064205646514893,-0.23547671735286713,-0.2033088505268097,-0.23202906548976898,-0.19200021028518677,-0.1734030395746231,-0.08734846115112305,-0.0021154589485377073,0.04075271636247635,0.06638672202825546,0.09355572611093521,0.08905918151140213,0.10111044347286224,0.13054029643535614,0.11165249347686768,0.05859219655394554,0.02394534833729267,0.021000923588871956,0.04160013049840927,0.057801008224487305,0.0655338391661644,0.05097294598817825,0.051176443696022034,0.068272665143013,0.07782554626464844,0.07962349057197571,0.08387354016304016,0.08763791620731354,0.07924038171768188,0.06560847908258438,0.06028811261057854,0.0755474790930748,0.07760892808437347,0.06430799514055252,0.040417663753032684,0.02808789536356926,0.0005205920315347612,0.001284693367779255,0.017673492431640625,0.04097621887922287,0.061677176505327225,0.08743710070848465,0.11521021276712418,0.12785764038562775,0.09969521313905716,0.05775799602270126,-0.010802189819514751
0.0,0.0,-0.1440897285938263,-0.16956670582294464,-0.20678791403770447,-0.29234808683395386,-0.23004542291164398,-0.15829993784427643,-0.051488328725099564,0.01857415959239006,0.04791799560189247,0.06618665903806686,0.09730032086372375,0.08435270935297012,0.0749775692820549,0.09301567077636719,0.09551224857568741,0.07653672993183136,0.05911809951066971,0.05975380167365074,0.06862694770097733,0.07870600372552872,0.07838477939367294,0.0697379931807518,0.07125835120677948,0.08253145962953568,0.08756468445062637,0.08475909382104874,0.09074651449918747,0.09712383151054382,0.07571642845869064,0.046988070011138916,0.04691179469227791,0.05743798613548279,0.06232867389917374,0.055478136986494064,0.04543134942650795,0.034836094826459885,0.011201960034668446,0.003770548151805997,0.01193249598145485,0.020763790234923363,0.034348808228969574,0.05637262761592865,0.08464662730693817,0.10263034701347351,0.08638893812894821,0.0384511835873127,-0.023826126009225845
0.0,0.0,-0.21674084663391113,-0.10792258381843567,-0.23754002153873444,-0.38205161690711975,-0.24995563924312592,-0.1278620958328247,-0.021494032815098763,0.038590800017118454,0.05514243617653847,0.06492067128419876,0.09439917653799057,0.07970757782459259,0.0615539588034153,0.07899441570043564,0.08113929629325867,0.07547473907470703,0.07484600692987442,0.08280505239963531,0.08458798378705978,0.08600512146949768,0.08731219917535782,0.08682619780302048,0.08378065377473831,0.07309678196907043,0.07318925112485886,0.10244900733232498,0.1189221739768982,0.1045418232679367,0.03637541085481644,0.003526345593854785,0.011280993930995464,0.03521726652979851,0.06109611317515373,0.06260599195957184,0.03678464516997337,0.01875687949359417,0.009808136150240898,0.016192127019166946,0.014378045685589314,0.007685424759984016,0.00810890831053257,0.018782170489430428,0.051733363419771194,0.07290494441986084,0.06868498027324677,0.024205224588513374,-0.0330362506210804
0.0,-0.12421397864818573,-0.16303859651088715,-0.1186414584517479,-0.3000321090221405,-0.3766933083534241,-0.22740793228149414,-0.09714069962501526,-0.002316543133929372,0.04115471988916397,0.05070163309574127,0.0661090612411499,0.08596710115671158,0.07464828342199326,0.056698497384786606,0.07751965522766113,0.08189036697149277,0.08021118491888046,0.07802008837461472,0.08533283323049545,0.09766696393489838,0.10049229860305786,0.09340358525514603,0.1002042144536972,0.06259243935346603,0.0372958779335022,0.11330263316631317,0.1393054723739624,0.17748454213142395,0.14905482530593872,0.0005917262751609087,-0.07053512334823608,-0.02098364755511284,0.0174335315823555,0.0711996927857399,0.07237011194229126,0.029110873118042946,-0.005161760374903679,-0.009543638676404953,0.008389037102460861,0.017280053347349167,0.014520851895213127,-0.005161539651453495,-0.010956228710711002,0.011340484023094177,0.040977150201797485,0.030407974496483803,0.011355350725352764,-0.038829267024993896
-0.009854579344391823,-0.08345887064933777,-0.07942504435777664,-0.19609443843364716,-0.348518967628479,-0.3050707280635834,-0.19159245491027832,-0.07880107313394547,-0.0010242484277114272,0.02745707891881466,0.04311396926641464,0.0691380426287651,0.08629777282476425,0.07247857004404068,0.05795590952038765,0.07649633288383484,0.08337471634149551,0.08062991499900818,0.07944987714290619,0.08076363801956177,0.0970095619559288,0.1108921617269516,0.09561982750892639,0.08250271528959274,0.02277742698788643,0.058244489133358,0.16260549426078796,0.1642833799123764,0.22854766249656677,0.17613811790943146,0.001584850950166583,-0.09796884655952454,-0.036105748265981674,0.02068495564162731,0.07075756043195724,0.06375310570001602,0.024319292977452278,-0.015296543017029762,-0.01786775514483452,0.003963553812354803,0.0004561406094580889,-0.00728482473641634,-0.004450733307749033,-0.015561915002763271,-0.015573594719171524,0.002946040127426386,0.003104602685198188,-0.009043046273291111,-0.03874276578426361
0.0,-0.0008263802155852318,-0.1408524513244629,-0.23566217720508575,-0.3321453630924225,-0.26728153228759766,-0.17632493376731873,-0.07697026431560516,-0.01174275390803814,0.014578016474843025,0.03855058550834656,0.06500820815563202,0.08308757841587067,0.07377395033836365,0.06279552727937698,0.07624996453523636,0.0824470967054367,0.07657351344823837,0.07922063022851944,0.07839758694171906,0.09553864598274231,0.12511052191257477,0.09042443335056305,0.02660023234784603,-0.021515272557735443,0.09649955481290817,0.17958416044712067,0.15576410293579102,0.22164417803287506,0.15208181738853455,0.022403327748179436,-0.050627872347831726,-0.010026659816503525,0.03664248809218407,0.04110776633024216,0.02795940637588501,0.01951618865132332,0.005777742248028517,0.04008243978023529,0.041386861354112625,-0.025234917178750038,-0.08052542060613632,-0.04235197603702545,-0.017585935071110725,-0.021311115473508835,-0.02779328264296055,-0.031364403665065765,-0.0428219810128212,-0.03496472164988518
0.0,0.0,-0.103705495595932,-0.21384580433368683,-0.3154562711715698,-0.24717189371585846,-0.1936315894126892,-0.09161758422851562,-0.02667858824133873,0.0019262016285210848,0.033870112150907516,0.0642680674791336,0.08521845936775208,0.06877819448709488,0.06396312266588211,0.07976444810628891,0.08627718687057495,0.07884648442268372,0.08230936527252197,0.0773584395647049,0.10071596503257751,0.1187584176659584,0.04972606152296066,-0.02117938920855522,-0.015468604862689972,0.14152957499027252,0.15185347199440002,0.09482830762863159,0.15346673130989075,0.1645333170890808,0.06099483743309975,0.027766533195972443,0.041740480810403824,0.03108653612434864,-0.016475912183523178,-0.025018254294991493,-0.01001132745295763,0.0484643429517746,0.18040193617343903,0.11194495856761932,-0.02933288738131523,-0.17405349016189575,-0.11087597161531448,-0.030155334621667862,-0.0356810986995697,-0.04318856820464134,-0.05308885499835014,-0.053202830255031586,-0.059940848499536514
0.0,0.0,0.0,-0.28076687455177307,-0.2572799026966095,-0.25373563170433044,-0.21677719056606293,-0.11670425534248352,-0.04538149759173393,-0.01003517396748066,0.02161886915564537,0.06494798511266708,0.1018996462225914,0.0851767286658287,0.07701917737722397,0.06981632858514786,0.06741774827241898,0.06465818732976913,0.07336609065532684,0.09167325496673584,0.10227613151073456,0.04721851646900177,0.0064923930913209915,0.03146781772375107,0.07323194295167923,0.16568292677402496,0.07582250237464905,0.0033926607575267553,0.035446666181087494,0.1170097216963768,0.1074613481760025,0.06750553846359253,0.0907796174287796,0.0693555548787117,0.04563012346625328,-0.08652138710021973,-0.03472324460744858,0.04375716298818588,0.2561520040035248,0.18160133063793182,0.01564950682222843,-0.1872817575931549,-0.11466173082590103,-0.029086362570524216,-0.05542055517435074,-0.08051089942455292,-0.06220100075006485,-0.06151065230369568,-0.07141619175672531
0.0,0.0,0.0,-0.24821673333644867,-0.15372450649738312,-0.22452552616596222,-0.2564917206764221,-0.1456327736377716,-0.06873776018619537,-0.03411170467734337,0.01160869374871254,0.07242248207330704,0.09368407726287842,0.08674482256174088,0.08575746417045593,0.08173422515392303,0.0662415474653244,0.05705767124891281,0.08408426493406296,0.10064730793237686,0.06697571277618408,0.006343105807900429,0.00933942198753357,0.09899332374334335,0.12013676017522812,0.1034991666674614,-0.004982147831469774,-0.0033701916690915823,0.0,0.0,0.0,0.0,0.0,-0.00381240202113986,0.0,-0.0030618261080235243,0.0,0.06853127479553223,0.191099613904953,0.1154705062508583,0.009318974800407887,-0.07585696130990982,0.050879236310720444,0.05078503116965294,-0.0878489688038826,-0.13942353427410126,-0.09700357168912888,-0.06740105897188187,-0.07596361637115479
0.0,0.0,0.0,-0.16401387751102448,-0.023521581664681435,-0.17480456829071045,-0.2762068510055542,-0.16701987385749817,-0.10297262668609619,-0.06636476516723633,0.0028109790291637182,0.08764467388391495,0.08115620166063309,0.0803164690732956,0.12846027314662933,0.11685769259929657,0.07575217634439468,0.06196530535817146,0.07799801975488663,0.06380026787519455,0.009504071436822414,0.06528482586145401,0.035047803074121475,0.06484591960906982,0.05476052686572075,0.01132024172693491,0.0024131997488439083,0.0,0.0,0.0,0.0,0.0,0.0,0.0,0.0,0.0,0.0,0.020924583077430725,0.19111452996730804,0.03798506408929825,-0.003800863167271018,-0.009527554735541344,0.21613913774490356,0.14188234508037567,-0.07695814967155457,-0.20822420716285706,-0.1323058158159256,-0.08441706746816635,-0.08998613804578781
0.0,0.0,0.0,-0.07420334219932556,-0.013554035685956478,-0.14061331748962402,-0.21874740719795227,-0.17587970197200775,-0.13232824206352234,-0.09605608880519867,-0.005854341201484203,0.08739698678255081,0.07759443670511246,0.067088283598423,0.15605302155017853,0.14355093240737915,0.10450571775436401,0.06315384060144424,0.039454106241464615,0.01097775623202324,0.0024478163104504347,0.0958065390586853,0.02298472449183464,-0.010786418803036213,0.0,0.0,0.0,0.0,0.0,0.0,0.0,0.0,0.0,0.0,0.0,0.0,0.0,0.0,0.0,0.02413059212267399,-0.02489602565765381,0.0,0.23898746073246002,0.20430010557174683,-0.01582111045718193,-0.1798044592142105,-0.12349642813205719,-0.08371932804584503,-0.09875260293483734
