currents_20100914.json
{"header": {"parameterCategory":2,"parameterNumber":3,"nx":74,"ny":54,"lo1":22.5,"la1":41.2,"lo2":27.0,"la2":38.2,"dx":0.06164383561643835,"dy":0.05660377358490566,"refTime":"2010-09-14T12:00:00"}, "data":
[rows 0 to 20 of 54, columns 0 to 46 of 74]
0.0,0.0,0.0,0.0,0.0,0.0,0.0,0.0,0.0,0.0,0.0,0.0,0.0,0.0,0.0,0.0,0.0,0.0,0.0,0.0,0.0,0.0,0.0,0.0,0.0,0.0,0.0,0.0,0.0,0.0,0.0,0.0,0.0,0.0,0.0,0.0,0.0,0.0,0.0,0.0,0.0,0.0,0.0,0.0,0.0,0.0,0.0
0.0,0.0,0.0,0.0,0.0,0.0,0.0,0.0,0.0,0.0,0.0,0.0,0.0,0.0,0.0,0.0,0.0,0.0,0.0,0.0,0.0,0.0,0.0,0.0,0.0,0.0,0.0,0.0,0.0,0.0,0.0,0.0,0.0,0.0,0.0,0.0,0.0,0.0,0.0,0.0,0.0,0.0,0.0,0.0,0.0,0.0,0.0
0.0,0.0,0.0,0.0,0.0,0.0,0.0,0.0,0.0,0.0,0.0,0.0,0.0,0.0,0.0,0.0,0.0,0.0,0.0,0.0,0.0,0.0,0.0,0.0,0.0,0.0,0.0,0.0,0.0,0.0,0.0,0.0,0.0,0.0,0.0,0.0,0.0,0.0,0.0,0.0,0.0,0.0,0.0,0.0,0.0,0.0,0.0
0.0,0.0,0.0,0.0,0.0,0.0,0.0,0.0,0.0,0.0,0.0,0.0,0.0,0.0,0.0,0.0,0.0,0.0,0.0,0.0,0.0,0.0,0.0,0.0,0.0,0.0,0.0,0.0,0.0,0.0,0.0,0.0,0.0,0.0,0.0,0.0,0.0,0.0,0.0,0.0,0.0,0.0,0.0012209583073854446,0.0011455252533778548,0.0,0.0,0.0
0.0,0.0,0.0,0.0,0.0,0.0,0.0,0.0,0.0,0.0,0.0,0.0,0.0,0.0,0.0,0.0,0.0,0.0,0.0,0.0,0.0,0.0,0.0,0.0,0.0,0.0,0.0,0.0,0.0,0.0,0.0,0.0,0.0,0.0,0.0,0.0,0.0,0.0,0.0,0.0,0.0,0.0012688653077930212,0.005278316792100668,0.0011455252533778548,0.0,0.0,0.0
0.0,0.0,0.0,0.0,0.0,0.0,0.0,0.0,0.0,0.0,0.0,0.0,0.0,0.0,0.0,0.0,0.0,0.0,0.0,0.0,0.0,0.0,0.0,0.0,0.0,0.0,0.0,0.0,0.0,0.0,0.0,0.01019658986479044,-0.01693691313266754,-0.01693691313266754,-0.03858185186982155,0.0,0.0,0.0,0.0,0.02661414071917534,0.039220381528139114,0.020529955625534058,0.004756595939397812,-0.0333392396569252,-0.06631392240524292,-0.06020338088274002,-0.05352688953280449
0.0,0.0,0.0,0.0,0.0,0.0,0.0,0.0,0.0,0.0,0.0,0.0,0.0,0.0,0.0,0.0,0.0,0.0,0.0,0.0,0.0,0.0,0.0,0.0,0.0,0.0,0.0,0.0,0.0,0.0,0.009419581852853298,0.023307345807552338,-0.0034215422347187996,-0.046193331480026245,-0.07026172429323196,-0.010256696492433548,0.0,-0.03654180467128754,0.002324407221749425,0.053979434072971344,0.06671938300132751,0.05124872177839279,0.007315373048186302,-0.04926436021924019,-0.09721554815769196,-0.1164957731962204,-0.11257337778806686
0.0,0.0,0.0,0.0,0.0,0.0,0.0,0.0,0.0,0.0,0.0,0.0,0.0,0.0,0.0,0.0,0.0,0.0,0.0,0.0,0.0,0.0,0.0,0.0,0.0,0.0,0.0,0.0,0.0,0.01646755076944828,0.039373237639665604,0.03479761630296707,0.018523551523685455,0.0016805382911115885,-0.0016834056004881859,-0.007130488753318787,-0.08323600143194199,-0.10468848049640656,-0.020035840570926666,0.04945947602391243,0.06843318045139313,0.05402572080492973,0.008051370270550251,-0.054307181388139725,-0.10583017021417618,-0.13926821947097778,-0.16055279970169067
0.0,0.0,0.0,0.0,0.0,0.0,0.0,0.0,0.0,0.0,0.0,0.0,0.0,0.0,0.0,0.0,0.0,0.0,0.0,0.0021044465247541666,0.023065121844410896,0.01687065325677395,-0.01951964572072029,-0.03740488365292549,-0.035448864102363586,-0.0061001586727797985,0.0,0.04182809963822365,0.04874580353498459,0.06285518407821655,0.011578950099647045,-0.022271910682320595,-0.04786473885178566,-0.017641346901655197,0.0018311887979507446,0.0,-0.06027214974164963,-0.05522660166025162,0.0053421142511069775,0.1388709843158722,0.16629616916179657,0.07669798284769058,-0.0031751208007335663,-0.07071157544851303,-0.12190669029951096,-0.15115144848823547,-0.17440877854824066
0.0,0.0,0.0,0.0,0.0,0.0,0.0,0.0,0.0,0.0,0.0,0.0,0.0,0.0,0.0,0.0,0.0,0.0,0.0,0.0021044465247541666,0.027653401717543602,0.03205712139606476,-0.004333175718784332,-0.04389362409710884,-0.02542291395366192,-0.01036094967275858,0.035395409911870956,0.07533075660467148,0.08164004981517792,0.03185580298304558,-0.019420428201556206,-0.09146298468112946,-0.15139444172382355,-0.12117104977369308,0.0,0.0,0.0,0.005045550409704447,0.08580299466848373,0.2277715504169464,0.1975373774766922,0.10793919116258621,-0.01667269505560398,-0.08026021718978882,-0.12188927084207535,-0.15448981523513794,-0.1802445650100708
0.0,0.0,0.0,0.0,0.0,0.0,0.0,0.0,0.0,0.0,0.0,0.0,0.0,0.0,0.0,0.0,0.0,0.0,0.0,0.0015704332618042827,0.0015704332618042827,0.0322749949991703,0.039293449372053146,-0.001265362836420536,0.042795997112989426,0.05808645859360695,0.06938165426254272,0.08222100883722305,0.08874881267547607,0.02531769685447216,-0.0766652524471283,-0.18550606071949005,-0.26467376947402954,-0.17917318642139435,0.0,0.0,0.0,0.08423908799886703,0.24931658804416656,0.28161168098449707,0.20360323786735535,0.0851011574268341,-0.035471126437187195,-0.0787159651517868,-0.12872911989688873,-0.16602443158626556,-0.18103493750095367
0.0,0.0,0.0,0.0,0.0,-0.010486721992492676,-0.012573469430208206,-0.013525564223527908,-0.0017414699541404843,0.0,0.0,0.0,0.0,0.0,0.0,0.0,0.0,0.0,0.0,0.0,0.0,0.0,0.020784664899110794,0.0009917450370267034,0.03883028030395508,0.05097579583525658,0.05748562887310982,0.13490699231624603,0.07730028033256531,0.016131237149238586,-0.07637705653905869,-0.1808975487947464,-0.255945086479187,-0.22337397933006287,-0.06949006766080856,-0.03856982663273811,-0.002741638571023941,0.09214051067829132,0.26388639211654663,0.20598380267620087,0.14036676287651062,0.05539172142744064,-0.027155941352248192,-0.07147078961133957,-0.13269785046577454,-0.17183852195739746,-0.18084411323070526
0.0,0.0,-0.0022877187002450228,-0.0022877187002450228,-0.011706577613949776,-0.006259111687541008,-0.013296742923557758,-0.01445842906832695,-0.0017414699541404843,0.0,0.0,0.0,0.0,0.0,0.0,0.0,0.0,0.0,0.0,0.0,0.0,0.0,0.0,0.006656713783740997,0.011051070876419544,0.02319658361375332,0.0656653568148613,0.1513642519712448,0.08665169030427933,0.03223341703414917,-0.0602748803794384,-0.15277482569217682,-0.2299460768699646,-0.19737495481967926,-0.16022571921348572,-0.13458889722824097,-0.09181281924247742,0.08040538430213928,0.2521512508392334,0.16089960932731628,0.10565216094255447,0.04026040434837341,-0.021636687219142914,-0.06482742726802826,-0.11662150919437408,-0.16040347516536713,-0.18651337921619415
0.0,0.0,-0.0034534092992544174,-0.014539570547640324,-0.039736174046993256,-0.012307117693126202,-6.63283426547423e-05,-6.63283426547423e-05,-6.63283426547423e-05,0.0,0.0,0.0,0.0,0.0,0.0,0.0,0.0,0.0,0.0,0.0,0.0,0.0,0.006239499896764755,0.02230519987642765,-0.013335423544049263,0.018188992515206337,0.07677818834781647,0.12124928086996078,0.0700504258275032,0.024751486256718636,-0.023845257237553596,-0.09825801849365234,-0.1867009848356247,-0.21860496699810028,-0.2174592763185501,-0.26478809118270874,-0.06509949266910553,0.11406361311674118,0.2003639191389084,0.11815905570983887,0.06415951251983643,0.01946040242910385,-0.022001715376973152,-0.061595480889081955,-0.10516565293073654,-0.15156926214694977,-0.19955214858055115
0.0,0.0,-0.006625355686992407,-0.027139512822031975,-0.049591999500989914,-0.013779628090560436,0.0018985228380188346,0.0,0.0,0.0,0.0,0.0,0.0,0.0,0.0,0.0,0.0,0.0,0.0,0.0,0.0,0.0,0.0,0.006801663897931576,-0.008144129067659378,-0.01043444499373436,0.031210625544190407,0.0755678191781044,0.06594997644424438,0.020874543115496635,-0.019534142687916756,-0.07650980353355408,-0.16811038553714752,-0.26037150621414185,-0.2959061563014984,-0.2808862030506134,-0.13007798790931702,0.029934749007225037,0.10370054841041565,0.06270287185907364,0.02737249620258808,-0.015975361689925194,-0.03762618079781532,-0.06374193727970123,-0.0966610535979271,-0.12049580365419388,-0.15030188858509064
0.0,0.0,-0.020404668524861336,-0.02310430444777012,-0.03279240056872368,-0.0019431441323831677,0.00041931381565518677,-0.004065837245434523,-0.016636136919260025,0.0,0.0,0.0,0.0,0.0,0.0,0.0,0.0,0.0,0.0,0.0006388018955476582,0.00414199847728014,0.00414199847728014,-0.0024953107349574566,-0.014570298604667187,-0.00036651274422183633,-0.0026568290777504444,-0.0029940097592771053,0.03400658071041107,0.027481669560074806,0.007719980087131262,-0.03268870338797569,-0.08577803522348404,-0.1483575701713562,-0.21504662930965424,-0.2788082957267761,-0.25071337819099426,-0.18041390180587769,-0.0519586019217968,0.014060663990676403,0.006469270214438438,-0.02886110357940197,-0.023037508130073547,-0.035532545298337936,-0.031708672642707825,-0.02618306688964367,-0.035057440400123596,-0.0484856441617012
0.0,0.0,-0.023038361221551895,-0.036247726529836655,0.003120214445516467,0.025635117664933205,0.014483903534710407,-0.019094042479991913,-0.053136564791202545,-0.019135424867272377,-0.0015437459805980325,-0.0015437459805980325,-0.0015437459805980325,0.0,0.0002911423216573894,-0.0020224619656801224,-0.0020224619656801224,-0.0020224619656801224,0.0,0.000235591855016537,0.008858216926455498,0.0016756188124418259,-0.016773656010627747,-0.04152918979525566,-0.010774092748761177,-0.0002893793862313032,0.0002334176388103515,-0.00022648603771813214,0.0,-0.01884823851287365,-0.06014776974916458,-0.12162017822265625,-0.15684662759304047,-0.19062042236328125,-0.21173828840255737,-0.19568349421024323,-0.18558131158351898,-0.15511910617351532,-0.09644017368555069,-0.07066918164491653,-0.07329844683408737,-0.06342172622680664,-0.03120294027030468,0.008668462745845318,0.045590370893478394,0.07589297741651535,0.0953512042760849
0.0,0.0,-0.02468210458755493,-0.03875754401087761,0.007606558036059141,0.03212372958660126,0.02475031092762947,-0.0018391251796856523,-0.042454201728105545,-0.03780534863471985,-0.03777242451906204,-0.03185819461941719,-0.012871897779405117,-0.0012156377779319882,0.002997738542035222,-0.0004058180202264339,-0.041737429797649384,-0.024829287081956863,0.0,0.0,0.0009404051234014332,-0.00044476951006799936,-0.016810113564133644,-0.03153274580836296,-0.006613460369408131,0.0032965990249067545,0.004817026201635599,-0.03902672231197357,-8.656172576593235e-05,-0.011931149289011955,-0.0498141385614872,-0.17103083431720734,-0.20129810273647308,-0.20828361809253693,-0.13544178009033203,-0.15926788747310638,-0.18625782430171967,-0.21042630076408386,-0.1683581918478012,-0.12366728484630585,-0.11375951766967773,-0.08409933000802994,-0.045324843376874924,0.01455605123192072,0.04315382242202759,0.07073836028575897,0.07766295969486237
0.0,0.0,-0.02468210458755493,-0.04022613912820816,0.00803584698587656,0.03548122197389603,0.038069967180490494,0.018056318163871765,-0.025119809433817863,-0.045796435326337814,-0.0572701133787632,-0.052305713295936584,-0.03129328414797783,-0.004786621779203415,0.0,-0.0013058272888883948,-0.03926226869225502,-0.05486796423792839,-0.027829091995954514,-0.02728194184601307,-0.014261164702475071,-0.003780348226428032,-0.004294592421501875,-0.016529027372598648,-0.008781575597822666,-0.022044751793146133,0.0010314624523743987,-0.06565877795219421,-0.05297848954796791,-0.03654634580016136,-0.03788298740983009,-0.22661638259887695,-0.26420706510543823,-0.2184571474790573,-0.09955412894487381,-0.15095025300979614,-0.21554717421531677,-0.22364304959774017,-0.19373996555805206,-0.15356315672397614,-0.13751836121082306,-0.10935492068529129,-0.06678268313407898,-0.014685132540762424,0.015145651064813137,0.026287196204066277,0.030164217576384544
0.0,0.0,-0.02981095388531685,-0.04855150729417801,0.003619641996920109,0.04328974336385727,0.05483071133494377,0.03765777871012688,-0.005662064533680677,-0.046342574059963226,-0.06875395774841309,-0.07252982258796692,-0.05674729868769646,-0.023135872557759285,-0.006950997281819582,-0.00038950052112340927,-0.0126055758446455,-0.0475207194685936,-0.07499224692583084,-0.07131505757570267,-0.02155003324151039,-0.007288869470357895,0.0,-0.0008894402417354286,-0.04889247938990593,0.022072797641158104,0.06406780332326889,-0.0729544460773468,-0.08492545038461685,-0.06091766804456711,-0.0730290412902832,-0.31620368361473083,-0.3487626016139984,-0.23956258594989777,-0.09302844107151031,-0.1753351241350174,-0.19748741388320923,-0.20218993723392487,-0.1789841651916504,-0.1567714959383011,-0.14321057498455048,-0.12960048019886017,-0.09865348786115646,-0.07520027458667755,-0.04199393466114998,-0.024539504200220108,-0.035148099064826965
0.0,0.0,-0.03194679319858551,-0.057196516543626785,-0.01359838992357254,0.038583215326070786,0.0591023750603199,0.04870684817433357,0.007666258607059717,-0.03165296092629433,-0.06113725155591965,-0.07627776265144348,-0.09299103170633316,-0.07511799782514572,-0.061889078468084335,0.0,-0.0013880424667149782,-0.02055186964571476,-0.05674691125750542,-0.07867828756570816,-0.09001743793487549,-0.046947281807661057,0.0,-0.0008894402417354286,-0.016121651977300644,0.058722447603940964,0.09366459399461746,-0.023522352799773216,-0.053624268621206284,-0.10319945216178894,-0.16670992970466614,-0.4008147120475769,-0.39566871523857117,-0.29081398248672485,-0.17165334522724152,-0.1379956156015396,-0.07766629755496979,-0.06488870084285736,-0.039966974407434464,-0.06662025302648544,-0.09707430750131607,-0.13302244246006012,-0.1452995091676712,-0.1264994889497757,-0.08235475420951843,-0.05944603309035301,-0.06440290808677673
