currents_20100913.json
{"header": {"parameterCategory":2,"parameterNumber":2,"nx":74,"ny":54,"lo1":22.5,"la1":41.2,"lo2":27.0,"la2":38.2,"dx":0.06164383561643835,"dy":0.05660377358490566,"refTime":"2010-09-13T12:00:00"}, "data":
[rows 0 to 20 of 54, columns 0 to 46 of 74]
0.0,0.0,0.0,0.0,0.0,0.0,0.0,0.0,0.0,0.0,0.0,0.0,0.0,0.0,0.0,0.0,0.0,0.0,0.0,0.0,0.0,0.0,0.0,0.0,0.0,0.0,0.0,0.0,0.0,0.0,0.0,0.0,0.0,0.0,0.0,0.0,0.0,0.0,0.0,0.0,0.0,0.0,0.0,0.0,0.0,0.0,0.0
0.0,0.0,0.0,0.0,0.0,0.0,0.0,0.0,0.0,0.0,0.0,0.0,0.0,0.0,0.0,0.0,0.0,0.0,0.0,0.0,0.0,0.0,0.0,0.0,0.0,0.0,0.0,0.0,0.0,0.0,0.0,0.0,0.0,0.0,0.0,0.0,0.0,0.0,0.0,0.0,0.0,0.0,0.0,0.0,0.0,0.0,0.0
0.0,0.0,0.0,0.0,0.0,0.0,0.0,0.0,0.0,0.0,0.0,0.0,0.0,0.0,0.0,0.0,0.0,0.0,0.0,0.0,0.0,0.0,0.0,0.0,0.0,0.0,0.0,0.0,0.0,0.0,0.0,0.0,0.0,0.0,0.0,0.0,0.0,0.0,0.0,0.0,0.0,0.0,0.0,0.0,0.0,0.0,0.0
0.0,0.0,0.0,0.0,0.0,0.0,0.0,0.0,0.0,0.0,0.0,0.0,0.0,0.0,0.0,0.0,0.0,0.0,0.0,0.0,0.0,0.0,0.0,0.0,0.0,0.0,0.0,0.0,0.0,0.0,0.0,0.0,0.0005352010484784842,0.0,0.0,0.0,0.0,0.0,0.0,0.0,0.0,0.0026324305217713118,0.0026324305217713118,0.0026324305217713118,0.0,0.0,0.0
0.0,0.0,0.0,0.0,0.0,0.0,0.0,0.0,0.0,0.0,0.0,0.0,0.0,0.0,0.0,0.0,0.0,0.0,0.0,0.0,0.0,0.0,0.0,0.0,0.0,0.0,0.0,0.0,0.0,0.0,0.0,0.0,0.007157205604016781,0.006705135572701693,0.0,0.0,0.0,0.0,0.0,0.0,0.0,0.011309506371617317,0.050023846328258514,0.02500838041305542,0.0,0.0,0.0
0.0,0.0,0.0,0.0,0.0,0.0,0.0,0.0,0.0,0.0,0.0,0.0,0.0,0.0,0.0,0.0,0.0,0.0,0.0,0.0,0.0,0.0,0.0,0.0,0.0,0.0,0.0,0.0,0.0,0.0,0.0,0.014836268499493599,0.02560797706246376,0.03882795199751854,0.04780591279268265,0.0,0.0,0.0,0.018345223739743233,0.03122735768556595,0.09849926084280014,0.1098087728023529,0.14348894357681274,0.13002130389213562,0.10780393332242966,0.10791333764791489,0.09682169556617737
0.0,0.0,0.0,0.0,0.0,0.0,0.0,0.0,0.0,0.0,0.0,0.0,0.0,0.0,0.0,0.0,0.0,0.0,0.0,0.0,0.0,0.0,0.0,0.0,0.0,0.0,0.0,0.0,0.0038236258551478386,0.012726537883281708,0.03727562353014946,0.048592742532491684,0.07166267186403275,0.09564283490180969,0.11813193559646606,0.02900516428053379,0.0,0.021862352266907692,0.061875443905591965,0.1422492414712906,0.21136003732681274,0.25179189443588257,0.2589009702205658,0.2642256021499634,0.269351065158844,0.26863330602645874,0.23670290410518646
0.0,0.0,0.0,0.0,0.0,0.0,0.0,0.0,0.0,0.0,0.0,0.0,0.0,0.0,0.0,0.0,0.0,0.0,0.0,0.0,0.0,0.0,0.0,0.0,0.0,0.0,0.0,0.0,0.027652226388454437,0.04815662279725075,0.08876993507146835,0.09937310963869095,0.1081237867474556,0.10890880227088928,0.07547911256551743,0.016396261751651764,0.02406095154583454,0.10109006613492966,0.15974552929401398,0.17986048758029938,0.2351987212896347,0.2580883502960205,0.273654967546463,0.2783840000629425,0.2806760370731354,0.2711302638053894,0.2502206563949585
0.0,0.0,0.0,0.0,0.0,0.0,0.0,0.0,0.0,0.0,0.0,0.0,0.0,0.0,0.0,0.0,0.0,0.0,0.0,0.0,0.003034026362001896,0.007181977387517691,0.004632343538105488,0.00678730383515358,0.019886720925569534,0.019886720925569534,0.06285591423511505,0.0724770575761795,0.09203505516052246,0.13113507628440857,0.13175058364868164,0.13022157549858093,0.07083103060722351,0.06069580838084221,0.0343194380402565,0.016396261751651764,0.05111235752701759,0.06924060732126236,0.1217174306511879,0.1853136271238327,0.21712467074394226,0.24028834700584412,0.24277622997760773,0.2398943454027176,0.23784276843070984,0.2374810427427292,0.22694794833660126
0.0,0.0,0.0,0.0,0.0,0.0,0.0,0.0,0.0,0.0,0.0,0.0,0.0,0.0,0.0,0.0,0.0,0.0,0.0,0.0,0.02525990642607212,0.029407858848571777,0.024832842871546745,0.03094371221959591,0.04824225604534149,0.07405178993940353,0.143396258354187,0.17306223511695862,0.18910643458366394,0.18528029322624207,0.1596413552761078,0.12889687716960907,0.06299717724323273,0.005804574117064476,0.00012267885904293507,0.0,0.0,0.009739704430103302,0.034556739032268524,0.10786674916744232,0.17006391286849976,0.19031648337841034,0.17454573512077332,0.1696518212556839,0.17016170918941498,0.17230556905269623,0.17340801656246185
0.0,0.0,0.0,0.0,0.0,0.0,0.0,0.0,0.0,0.0,0.0,0.0,0.0,0.0,0.0,0.0,0.0,0.0,0.0,0.0,0.0,0.011507917195558548,0.05702515318989754,0.1135769933462143,0.11686047911643982,0.10579146444797516,0.11879130452871323,0.14639346301555634,0.1658380925655365,0.16416025161743164,0.13889765739440918,0.1360018253326416,0.11424098163843155,0.09177613258361816,0.00012267885904293507,0.0,0.0,0.012062765657901764,0.05209242179989815,0.07008922845125198,0.09721775352954865,0.06638924032449722,0.07228890806436539,0.07510017603635788,0.07725246995687485,0.07523757219314575,0.07382702082395554
0.0,0.0,0.0,0.0,0.0,2.471267907822039e-05,-0.000727745471522212,-0.003613797016441822,-0.001906648394651711,0.0,0.0,0.0,0.0,0.0,0.0,0.0,0.0,0.0,0.0,0.0,0.0,0.0,0.03947192430496216,0.0739651620388031,0.08223480731248856,0.07116580009460449,0.055379077792167664,0.0642467811703682,0.08330940455198288,0.08757182955741882,0.07148171216249466,0.0760594978928566,0.10749898105859756,0.08503413200378418,0.03777553513646126,0.005361949559301138,0.005361949559301138,-0.018646279349923134,-0.023799888789653778,-0.07733193784952164,-0.09394621849060059,-0.07511482387781143,-0.059698935598134995,-0.04943050444126129,-0.03924775868654251,-0.04192350059747696,-0.04032951965928078
0.0,0.0,0.0,-0.0038390837144106627,-0.0038390837144106627,0.0025794620160013437,0.0018270037835463881,-0.006505059078335762,-0.001906648394651711,0.0,0.0,0.0,0.0,0.0,0.0,0.0,0.0,0.0,0.0,0.0,0.0,0.0,0.002476923167705536,0.0034838072024285793,0.0200785081833601,0.020795121788978577,0.005443225149065256,-0.0007314826943911612,-0.019160505384206772,-0.018342848867177963,-0.009470039047300816,0.001777730998583138,0.03369661048054695,0.05257297679781914,0.051712002605199814,0.0019867292139679193,-0.0332418829202652,-0.09624948352575302,-0.13988032937049866,-0.22304317355155945,-0.25974780321121216,-0.22427281737327576,-0.2032141536474228,-0.19334737956523895,-0.17900952696800232,-0.15280765295028687,-0.14442433416843414
0.0,0.0,-0.0036368488799780607,-0.021115658804774284,-0.04044724255800247,-0.016847793012857437,-0.001300955773331225,-0.001300955773331225,-0.001300955773331225,0.0,0.0,0.0,0.0,0.0,0.0,0.0,0.0,0.0,0.0,0.0,0.0,0.0,0.002476923167705536,0.01916157267987728,0.05005127564072609,0.059416938573122025,0.046280112117528915,-0.032056353986263275,-0.05369969829916954,-0.05519653484225273,-0.0611884780228138,-0.09497471898794174,-0.08607126772403717,-0.08444524556398392,-0.07588488608598709,-0.08641692250967026,-0.09516400843858719,-0.14096105098724365,-0.22610218822956085,-0.34983348846435547,-0.4141729772090912,-0.400219589471817,-0.36591699719429016,-0.3404148519039154,-0.3113210201263428,-0.26769131422042847,-0.19805242121219635
0.0,0.0,-0.007615379057824612,-0.026511192321777344,-0.03609074652194977,-0.005315312650054693,-0.0007697936962358654,0.0003417912230361253,0.0,0.0,0.0,0.0,0.0,0.0,0.0,0.0,0.0,0.0,0.0,0.0,0.0,0.0,0.0,0.007792266085743904,0.03714893013238907,0.04900269955396652,0.0428699366748333,-0.01739613525569439,-0.040065936744213104,-0.056277696043252945,-0.039832163602113724,-0.07317287474870682,-0.10058523714542389,-0.09298179298639297,-0.07530342787504196,-0.05843905732035637,-0.049266666173934937,-0.0839587077498436,-0.18228095769882202,-0.3209000527858734,-0.3852395713329315,-0.4657810926437378,-0.49175751209259033,-0.4976067543029785,-0.46218663454055786,-0.3995990455150604,-0.3117554783821106
0.0,0.0,-0.007615379057824612,-0.026100657880306244,-0.01622876524925232,-0.006686807610094547,-0.0009615743183530867,0.005095908418297768,0.004588227719068527,2.5447181542403996e-05,0.0,0.0,0.0,0.0,0.0,0.0,0.0,0.0,0.0,0.0,0.0006041839951649308,0.00038348513771779835,0.00038348513771779835,0.001428363611921668,0.002669240813702345,0.014523008838295937,0.03321550413966179,-0.004184747580438852,-0.02452566847205162,-0.02979866787791252,-0.002408986445516348,-0.03499361500144005,-0.04773478955030441,-0.06157360225915909,-0.04806753620505333,-0.006031253840774298,0.027968211099505424,-0.006440368015319109,-0.09370457381010056,-0.2024461328983307,-0.32150086760520935,-0.4377993047237396,-0.509755551815033,-0.5183023810386658,-0.5180049538612366,-0.4523827135562897,-0.35515525937080383
0.0,0.0,-0.009967009536921978,-0.034940022975206375,-0.014371529221534729,-0.002019495703279972,0.007403315044939518,0.021000457927584648,0.017236698418855667,0.006911456119269133,8.596305269747972e-05,0.0,0.0,0.0,0.0,0.0,0.0,0.0,0.0,0.0,0.00201068795286119,0.0023494902998209,0.0017641880549490452,0.022691713646054268,0.017103051766753197,0.020291227847337723,0.02940102480351925,0.0066977632232010365,-0.002403079532086849,-0.0010288157500326633,0.013310810551047325,0.029932796955108643,0.007264378946274519,-0.0281673651188612,-0.06741581857204437,-0.041161034256219864,0.01768968254327774,0.03646283596754074,0.037706829607486725,-0.013828517869114876,-0.09324478358030319,-0.1737830638885498,-0.22207045555114746,-0.2590680420398712,-0.28678014874458313,-0.26796871423721313,-0.23385536670684814
0.0,0.0,-0.010032844729721546,-0.03421255201101303,-0.024564508348703384,-0.010340972803533077,0.0009571443079039454,0.017639394849538803,0.02309335581958294,0.029771603643894196,0.0215735025703907,5.460229658638127e-05,0.005559269804507494,0.005559269804507494,0.005315019749104977,0.015346339903771877,0.030670970678329468,0.030670970678329468,0.04035607725381851,0.008250757120549679,0.00025837545399554074,0.0010201741242781281,0.014295573346316814,0.03828401118516922,0.03835046663880348,0.03666217252612114,0.04210694506764412,0.02794669009745121,0.022158194333314896,0.0,0.008759910240769386,0.06019051745533943,0.05344204977154732,0.005786031950265169,-0.07897577434778214,-0.1609991043806076,-0.09079061448574066,-0.00702360225841403,0.04336009919643402,0.02131378836929798,-0.002087765373289585,-0.0023418888449668884,-0.027483049780130386,-0.042171087116003036,-0.1113133579492569,-0.13447661697864532,-0.17125435173511505
0.0,0.0,-0.010032844729721546,-0.027031369507312775,-0.025945022702217102,-0.016849813982844353,-0.008734709583222866,0.009328748099505901,0.02866382896900177,0.035342078655958176,0.043498694896698,0.012781850062310696,0.020291855558753014,0.005590303335338831,0.005315019749104977,0.02169639617204666,0.044891417026519775,0.05980940908193588,0.05933012068271637,0.011770368553698063,0.010353422723710537,0.002493173349648714,0.017373908311128616,0.04041466489434242,0.03641277924180031,0.029204383492469788,0.039203569293022156,0.04358621686697006,0.03280113637447357,0.010642942041158676,-0.01465853862464428,0.036773230880498886,0.030024763196706772,0.014359207823872566,-0.08827009797096252,-0.2047940492630005,-0.2475692629814148,-0.1488991230726242,-0.046147145330905914,0.024995097890496254,0.04439543932676315,0.07209521532058716,0.06901165097951889,0.06534483283758163,0.007001486606895924,-0.03493610396981239,-0.11727804690599442
0.0,0.0,-0.004681479651480913,-0.010391282849013805,-0.017480596899986267,-0.014586205594241619,-0.009644811972975731,-0.0007490991265513003,0.01688375696539879,0.03411098197102547,0.050358667969703674,0.05388599634170532,0.04097906872630119,0.018060557544231415,0.0026464280672371387,0.0026464280672371387,0.034558143466711044,0.05286052078008652,0.05219879001379013,0.04282937943935394,0.017017289996147156,0.0,0.004929597955197096,0.004929597955197096,0.017574576660990715,0.009938611648976803,-0.019093232229351997,0.01853291131556034,0.0375606007874012,0.022532988339662552,-0.053976383060216904,-0.09967309236526489,-0.06988959014415741,-0.04351472854614258,-0.0933959037065506,-0.224530890583992,-0.32473963499069214,-0.33372148871421814,-0.24501074850559235,-0.11676648259162903,-0.03612999990582466,0.027253396809101105,0.031933560967445374,0.00741141103208065,-0.00753904040902853,0.01674872823059559,0.002200871706008911
0.0,0.0,0.015109733678400517,0.023743366822600365,0.007914029061794281,0.005786518100649118,-0.009792779572308064,-0.013567556627094746,-0.0020740062464028597,0.011881331913173199,0.022856708616018295,0.03239221125841141,0.031382396817207336,0.023643212392926216,0.022274650633335114,0.0,0.004009743686765432,0.024170730262994766,0.07088952511548996,0.08355967700481415,0.054745063185691833,0.04002317041158676,0.0,0.0,0.011202648282051086,-0.09495915472507477,-0.20905821025371552,-0.24625539779663086,-0.2612121105194092,-0.2818485200405121,-0.2773575484752655,-0.20206864178180695,-0.13189411163330078,-0.09864694625139236,-0.047415368258953094,-0.0679110586643219,-0.16427558660507202,-0.1696450263261795,-0.10781863331794739,-0.03441694751381874,-0.034536417573690414,0.024432988837361336,0.05483584851026535,0.04016266390681267,0.06071806699037552,-0.03500322625041008,-0.05644479766488075
