currents_20100913.json
{"header": {"parameterCategory":2,"parameterNumber":2,"nx":74,"ny":54,"lo1":22.5,"la1":41.2,"lo2":27.0,"la2":38.2,"dx":0.06164383561643835,"dy":0.05660377358490566,"refTime":"2010-09-13T12:00:00"}, "data":
[rows 21 to 41 of 54, columns 0 to 46 of 74]
0.0,0.0,0.015109733678400517,0.03418051078915596,0.01594751514494419,0.004573349840939045,-0.011005948297679424,-0.03767950460314751,-0.03767665848135948,-0.03281707689166069,-0.021841702982783318,-0.022496258839964867,-0.013595902360975742,0.0012594975996762514,0.052001167088747025,0.018695605918765068,0.0147085040807724,0.010140078142285347,0.05724126100540161,0.07946262508630753,0.10279840975999832,0.06292366236448288,0.0053780414164066315,0.0,0.0,-0.09952563047409058,-0.32471534609794617,-0.38605210185050964,-0.40755006670951843,-0.4760630130767822,-0.45481184124946594,-0.342637300491333,-0.23792476952075958,-0.15024179220199585,-0.07174737006425858,-0.06639153510332108,-0.03435693681240082,-0.039726387709379196,-0.00697138998657465,-0.006786172743886709,-0.00690564326941967,0.012757031247019768,0.054264865815639496,0.060362014919519424,0.0038584962021559477,-0.052520737051963806,-0.07311910390853882
0.0,0.0,0.002733891597017646,0.0013685037847608328,-0.0048144846223294735,-0.016209140419960022,-0.03794317692518234,-0.07782967388629913,-0.08575663715600967,-0.08690308034420013,-0.0914306715130806,-0.12043590098619461,-0.12450401484966278,-0.07049242407083511,0.013677773997187614,0.05492899566888809,0.018433889374136925,0.0,0.006111597176641226,0.006111597176641226,0.09577621519565582,0.10098107904195786,0.02867066115140915,0.003304621670395136,-0.10222190618515015,-0.2169099748134613,-0.30658653378486633,-0.2938944101333618,-0.37619003653526306,-0.4701105058193207,-0.5035163760185242,-0.43838825821876526,-0.34523940086364746,-0.2635267376899719,-0.22671689093112946,-0.17073142528533936,-0.11972443759441376,-0.08435055613517761,-0.061507731676101685,-0.034459859132766724,-0.02177942916750908,-0.01068867091089487,0.002551704877987504,0.004308733157813549,-0.004039453342556953,-0.004039453342556953,-0.004039453342556953
0.0,0.0,0.0,0.000178251662873663,0.0007124307448975742,0.0030604570638388395,-0.017946777865290642,-0.05450981855392456,-0.08797404170036316,-0.07124567776918411,-0.0746213048696518,-0.07328536361455917,-0.14979860186576843,-0.2181926965713501,-0.17169180512428284,-0.16127917170524597,-0.17722880840301514,-0.19714172184467316,-0.23824141919612885,-0.280309796333313,-0.21722964942455292,-0.16432829201221466,-0.18172532320022583,-0.21352910995483398,-0.20505301654338837,-0.21915477514266968,-0.20615221560001373,-0.16133102774620056,-0.22787712514400482,-0.29956021904945374,-0.42982563376426697,-0.4393737018108368,-0.3657875061035156,-0.28831058740615845,-0.17510801553726196,-0.10860276967287064,-0.10319184511899948,-0.10600565373897552,-0.13517677783966064,-0.1208333671092987,-0.10049006342887878,-0.028049688786268234,-0.001757028279826045,0.0,0.0,0.0,0.0
0.0,0.0,0.0,0.0,0.0016644878778606653,0.0064340378157794476,-0.005472268909215927,-0.019958315417170525,-0.05757579952478409,-0.04553679749369621,-0.0445430763065815,-0.032491154968738556,-0.19183245301246643,-0.2544355094432831,-0.2607143819332123,-0.2671894431114197,-0.28537386655807495,-0.2756826877593994,-0.3167823851108551,-0.3751547634601593,-0.35778185725212097,-0.3419257700443268,-0.2996394634246826,-0.3185591399669647,-0.3100830614566803,-0.22035148739814758,-0.12107915431261063,-0.06946979463100433,-0.0850168764591217,-0.19674663245677948,-0.2887208163738251,-0.31457144021987915,-0.3001275658607483,-0.20442326366901398,-0.12002347409725189,-0.06575588136911392,-0.06034495681524277,-0.0708949938416481,-0.13808967173099518,-0.13204793632030487,-0.16649115085601807,-0.09405077248811722,-0.05815916880965233,-0.05280757695436478,-0.019795648753643036,-0.019795648753643036,-0.017692899331450462
0.0,0.0,0.0,0.0,0.0,0.00020826967374887317,0.004982239566743374,0.020771775394678116,-0.0012649528216570616,-0.03965793177485466,-0.06080960854887962,-0.018687108531594276,-0.11639199405908585,-0.18894733488559723,-0.22733145952224731,-0.2229296714067459,-0.20434223115444183,-0.18552441895008087,-0.18161407113075256,-0.21901445090770721,-0.27637481689453125,-0.3029232621192932,-0.29265812039375305,-0.26510271430015564,-0.20588108897209167,-0.13003940880298615,-0.05686400085687637,-0.04063023254275322,-0.04220142588019371,-0.06180460751056671,-0.08368684351444244,-0.09993041306734085,-0.10829442739486694,-0.10256756097078323,-0.09135909378528595,-0.05840237811207771,-0.022948764264583588,-0.01077992096543312,-0.06695300340652466,-0.15312600135803223,-0.20768864452838898,-0.21731241047382355,-0.17698462307453156,-0.13642749190330505,-0.09602274745702744,-0.06301836669445038,-0.05345257371664047
0.0,0.0,0.0,0.0,0.0,0.0,0.006113996729254723,0.022783484309911728,0.021842608228325844,-0.007648284547030926,-0.025029396638274193,-0.019607961177825928,-0.010629735887050629,-0.0802869200706482,-0.10843445360660553,-0.11241462081670761,-0.10162106156349182,-0.09163183718919754,-0.07028906047344208,-0.056937992572784424,-0.01887613907456398,-0.040903832763433456,-0.0015702173113822937,0.012874912470579147,0.00647336570546031,0.07288545370101929,0.04735861346125603,-0.02299489639699459,-0.023785511031746864,-0.022390590980648994,-0.0288641806691885,-0.0317971371114254,-0.04323605075478554,-0.04362645000219345,-0.05211813375353813,-0.03808820620179176,-0.02056863345205784,-0.010756820440292358,-0.0035066180862486362,-0.03709769248962402,-0.09493990242481232,-0.1473715454339981,-0.16010276973247528,-0.1437658965587616,-0.15904325246810913,-0.13986144959926605,-0.113704614341259
0.0,0.0,0.0,0.0,0.0,0.0,0.0028207339346408844,0.018666910007596016,0.02100168913602829,0.0004928245325572789,0.004464013036340475,0.002300644526258111,0.018862059339880943,0.02557775005698204,-0.002569786040112376,-0.0184259582310915,-0.021023865789175034,-0.010644469410181046,0.011930851265788078,0.04552416875958443,0.09467553347349167,0.11182717978954315,0.1483880579471588,0.15740637481212616,0.15610307455062866,0.1411057710647583,0.1304445117712021,0.06385985016822815,0.038258813321590424,6.817687972215936e-05,0.005264999344944954,0.0050444770604372025,-0.0002885479771066457,-0.00580941466614604,-0.01612992212176323,-0.026208488270640373,-0.008688915520906448,0.00593135179951787,0.023530222475528717,-0.007819331251084805,-0.009678881615400314,-0.06211052089929581,-0.09668907523155212,-0.11533856391906738,-0.13061591982841492,-0.14979562163352966,-0.1324903517961502
0.0,0.0,0.0,0.0,0.0,0.0,0.0028207339346408844,0.010186221450567245,0.014970317482948303,0.037221360951662064,0.057891182601451874,0.048548053950071335,0.05974878370761871,0.07456887513399124,0.07939392328262329,0.05111944302916527,0.04766004532575607,0.06060469523072243,0.08360837399959564,0.11050483584403992,0.12627695500850677,0.14078916609287262,0.15413238108158112,0.16485527157783508,0.1669187843799591,0.16773787140846252,0.167484313249588,0.1435079127550125,0.08707547932863235,0.0382932610809803,0.02329745888710022,0.026260968297719955,0.023343512788414955,0.018882950767874718,0.015899647027254105,-0.002826651791110635,-0.009277553297579288,-0.005011695437133312,0.006126414984464645,0.01624760776758194,0.02099626697599888,0.016062458977103233,-0.01054311916232109,-0.02654903195798397,-0.04743281751871109,-0.07133062183856964,-0.08981481194496155
0.0,0.0,0.0,0.0,0.0,0.0,0.0028207339346408844,0.0031342660076916218,0.0034807517658919096,0.016416246071457863,0.0532677136361599,0.08867869526147842,0.11270426213741302,0.13322679698467255,0.13521872460842133,0.1286623775959015,0.1331743448972702,0.14302664995193481,0.139153853058815,0.13049374520778656,0.1216430738568306,0.13210244476795197,0.13355880975723267,0.14054003357887268,0.1452176570892334,0.14699438214302063,0.1435256004333496,0.13504795730113983,0.1185728907585144,0.07979399710893631,0.023265592753887177,0.021768055856227875,0.021362125873565674,0.023774156346917152,0.02273646928369999,-0.00489629665389657,-0.021072853356599808,-0.021448584273457527,-0.0166921503841877,-0.001125821378082037,0.0076139988377690315,0.006731058936566114,0.00010102166561409831,0.0027365474961698055,-0.01143039669841528,0.002638783771544695,0.0003413741651456803
0.0,0.0,0.0,0.0,0.0,0.0,0.0,0.0,0.0,0.011309669353067875,0.03350872918963432,0.07250247895717621,0.12683644890785217,0.17160101234912872,0.1735929250717163,0.18538790941238403,0.18671666085720062,0.19051697850227356,0.16651476919651031,0.13814692199230194,0.11392363160848618,0.10660389810800552,0.09677252918481827,0.0963272750377655,0.09531765431165695,0.09709438681602478,0.1019301563501358,0.11351723968982697,0.11648388206958771,0.08008332550525665,0.029035909101366997,0.02691597118973732,0.026304112747311592,0.027953503653407097,0.027726244181394577,-0.006581894587725401,-0.02611660398542881,-0.029405999928712845,-0.029451819136738777,-0.018827490508556366,-0.005576449912041426,-0.00645939027890563,-0.0029909522272646427,0.004550750833004713,0.027839181944727898,0.04999688267707825,0.06265033036470413
0.0,0.0,0.0,0.0,0.0,0.0,0.0,0.0,0.0,0.0,0.0042549604550004005,0.017406968399882317,0.08361566066741943,0.14942635595798492,0.19972048699855804,0.22349834442138672,0.2185191810131073,0.19579830765724182,0.15623706579208374,0.11462270468473434,0.08843295276165009,0.06273139268159866,0.04216991737484932,0.02683573216199875,0.02476399578154087,0.02822321467101574,0.03848223760724068,0.06772550940513611,0.08735783398151398,0.08161132782697678,0.03706405311822891,0.035105422139167786,0.03273623436689377,0.03164070472121239,0.030326437205076218,-0.004284676164388657,-0.024355042725801468,-0.03275584429502487,-0.03495628014206886,-0.030990589410066605,-0.022434988990426064,-0.013892687857151031,-0.0062906802631914616,0.014319049194455147,0.03423193097114563,0.06026006489992142,0.09122476726770401
0.0,0.0,0.0,0.0,0.0,0.0,0.0,0.0,0.0,0.0,0.0042549604550004005,0.0048742350190877914,0.011967867612838745,0.07167040556669235,0.1130513846874237,0.1414557695388794,0.14425168931484222,0.1352173238992691,0.10347577929496765,0.07685471326112747,0.05009307339787483,0.01094187144190073,-0.02359510213136673,-0.03232815861701965,-0.03489895164966583,-0.03007938526570797,0.010669288225471973,0.01344071514904499,0.025326767936348915,0.024380847811698914,0.010835330002009869,0.028669781982898712,0.017971960827708244,0.012576499953866005,0.024748748168349266,0.010265217162668705,-0.012464812956750393,-0.02781432494521141,-0.02880197763442993,-0.020377717912197113,-0.0025718542747199535,0.011517352424561977,0.03033742681145668,0.04267582297325134,0.04363391175866127,0.05682492256164551,0.0664384514093399
0.0,0.0,0.0,0.0,0.0,0.0,-0.011482149362564087,-0.017541570588946342,-0.015792548656463623,-0.013173908926546574,-0.0012974059209227562,0.0,0.005843609105795622,0.009289374575018883,0.05067035183310509,0.07402604818344116,0.08090125024318695,0.07400812208652496,0.052193861454725266,0.04135798290371895,0.03751587122678757,-0.0016353316605091095,-0.004054569639265537,0.01146499440073967,0.04227782040834427,-0.010126723907887936,0.01150646060705185,0.006059621926397085,-0.01944608986377716,-0.037521690130233765,-0.04067074507474899,-0.031097058206796646,-0.012262293137609959,-0.008282278664410114,0.010881738737225533,0.009743132628500462,-0.009025568142533302,-0.018455980345606804,-0.021226724609732628,-0.012787667103111744,-0.00424425583332777,0.017371168360114098,0.0324208103120327,0.0384962260723114,0.03945431858301163,0.03932498022913933,0.042920537292957306
0.0,0.0,0.0,0.0,0.0,-0.00041273367241956294,-0.011894883587956429,-0.03754821792244911,-0.031437549740076065,-0.019453706219792366,-0.0052536409348249435,0.00042783605749718845,0.0008564678719267249,0.001432289369404316,-0.00041989394230768085,0.015256882645189762,0.020602580159902573,0.020449016243219376,0.009412992745637894,0.017297640442848206,0.023452207446098328,0.03363441303372383,0.06184756010770798,0.11832163482904434,0.15047116577625275,0.10855372995138168,0.019341230392456055,0.0003678869397845119,-0.0315905399620533,-0.06900554150342941,-0.10344867408275604,-0.11638636887073517,-0.09009630978107452,-0.04682612419128418,-0.008383135311305523,0.00046908544027246535,-0.0030206823721528053,-0.011998826637864113,-0.017349684610962868,-0.010837136767804623,-0.006890740245580673,-0.004686017986387014,0.0029375324957072735,0.011103492230176926,0.0176358874887228,0.017396150156855583,0.019487639889121056
0.0,0.0,0.0,0.0,0.0,-0.0023274561390280724,-0.012353295460343361,-0.0028219008818268776,-0.009963618591427803,-0.010042562149465084,-0.004088935442268848,0.006594803649932146,0.002632523886859417,0.0007209934992715716,-0.009968009777367115,-0.03961456939578056,-0.0026527103036642075,0.01423976756632328,0.0035928485449403524,0.011744095012545586,0.027337757870554924,0.024896131828427315,0.02464568242430687,0.031222820281982422,0.016690822318196297,-0.04248720407485962,-0.01663709618151188,-0.053574446588754654,-0.08981194347143173,-0.12752923369407654,-0.1424238383769989,-0.09897375851869583,-0.0778038278222084,-0.043593186885118484,-0.027922898530960083,-0.025186140090227127,-0.027202468365430832,-0.033063437789678574,-0.041624538600444794,-0.04705435037612915,-0.053381506353616714,-0.06322246789932251,-0.06557221710681915,-0.05085776746273041,-0.03202467039227486,-0.017606934532523155,0.00518415542319417
0.0,0.0,0.0,0.0,0.0,-0.0023274561390280724,-0.002393994014710188,0.004755055531859398,-0.0017867995193228126,-0.0064340271055698395,-0.0029350081458687782,0.00453916983678937,0.013562102802097797,0.01092957891523838,-0.009315988048911095,-0.022376621142029762,-0.02569708228111267,-0.008637847378849983,0.0020842114463448524,0.004825534764677286,0.011564326472580433,0.009122701361775398,0.0070269000716507435,-0.006093926262110472,-0.0635576844215393,-0.07775624841451645,-0.07989291101694107,-0.08381815999746323,-0.09978902339935303,-0.1012035459280014,-0.10869310796260834,-0.0771593376994133,-0.07917904108762741,-0.06373956054449081,-0.05743817985057831,-0.06129733845591545,-0.06927739828824997,-0.07842405885457993,-0.08930289000272751,-0.10141671448945999,-0.11286920309066772,-0.12820158898830414,-0.13479439914226532,-0.12273261696100235,-0.10322196781635284,-0.07284220308065414,-0.03787362203001976
0.0,0.0,0.0,0.0,0.0,0.0,0.0,-9.471947851125151e-05,-0.00623117433860898,-0.0031280696857720613,-0.005016700364649296,-0.005016700364649296,0.012121177278459072,0.014845063909888268,0.0067613390274345875,0.021041443571448326,-0.010689396411180496,-0.013084755279123783,0.007393816486001015,0.0023292317055165768,0.0015633089933544397,0.002667548367753625,0.00955535564571619,-0.01511539425700903,-0.07780376076698303,-0.09941278398036957,-0.10652223974466324,-0.047499388456344604,-0.06241697445511818,-0.06019546836614609,-0.0480961911380291,-0.044217586517333984,-0.04904692620038986,-0.06220139190554619,-0.08578212559223175,-0.10682912170886993,-0.1176789253950119,-0.12913812696933746,-0.1443520188331604,-0.1573551595211029,-0.16862350702285767,-0.1851387470960617,-0.19491401314735413,-0.19242194294929504,-0.17291128635406494,-0.1466548889875412,-0.1009448990225792
0.0,0.0,0.0,0.0,0.0,0.0,0.0,-9.471947851125151e-05,-0.001565289800055325,-0.0069067468866705894,-0.02203323319554329,-0.030821047723293304,-0.006460974458605051,0.006601972505450249,0.007801034953445196,0.02769678458571434,-0.012723855674266815,-0.012900657951831818,0.01698189415037632,0.0103704072535038,-0.009368513710796833,-0.020328331738710403,-0.01817152462899685,-0.02212395891547203,-0.025656362995505333,0.0065368302166461945,0.030548464506864548,-0.010789601132273674,-0.026128655299544334,-0.017713716253638268,-0.02084284834563732,-0.011493855156004429,-0.01996392384171486,-0.040650587528944016,-0.09655489027500153,-0.134762704372406,-0.1520301103591919,-0.16916029155254364,-0.18405428528785706,-0.18899723887443542,-0.19160626828670502,-0.20057114958763123,-0.2075347602367401,-0.2172076404094696,-0.21186977624893188,-0.21118535101413727,-0.18440212309360504
0.0,0.0,0.0,0.0,0.0,0.0,0.0,-0.00040332775097340345,-0.017328759655356407,-0.028548214584589005,-0.01513340137898922,-0.01935291290283203,-0.011015228927135468,0.0020477178040891886,0.002319332445040345,0.014117652550339699,0.0163206085562706,0.01696908287703991,0.001776000834070146,0.0037571247667074203,-0.001653483253903687,-0.011779907159507275,-0.0031904270872473717,0.003202175721526146,0.033174797892570496,0.06536799669265747,0.08637502789497375,0.07977693527936935,0.030844038352370262,0.024367403239011765,0.014078119769692421,0.010528563521802425,-0.0008237387519329786,-0.031290002167224884,-0.054925598204135895,-0.11430232971906662,-0.15366308391094208,-0.17160935699939728,-0.18855898082256317,-0.18800631165504456,-0.19061534106731415,-0.19829881191253662,-0.20975151658058167,-0.2210836559534073,-0.23638305068016052,-0.24839870631694794,-0.2476678192615509
0.0,0.0,-0.005279140081256628,-0.003646622644737363,0.0,0.0,0.0,-0.00040332775097340345,-0.02653314359486103,-0.017984462901949883,0.0,0.0,0.0,0.0,0.0,0.0,0.015798183158040047,0.030482443049550056,0.009469129145145416,0.017591197043657303,0.014175310730934143,0.01933479681611061,0.02926412597298622,0.04268109053373337,0.07493380457162857,0.0945478156208992,0.1107521578669548,0.1447714865207672,0.12500864267349243,0.07549243420362473,0.04615673050284386,0.018149130046367645,0.0021305205300450325,-0.0005646123900078237,-0.006172690074890852,-0.07612783461809158,-0.11166031658649445,-0.15334877371788025,-0.1717994660139084,-0.17020271718502045,-0.1749112457036972,-0.186246857047081,-0.20182812213897705,-0.21835172176361084,-0.23730982840061188,-0.25578874349594116,-0.2801549434661865
0.0,0.0,-0.009723970666527748,-0.024762043729424477,-0.0017659560544416308,0.0,0.0,-0.00040332775097340345,-0.0030617087613791227,-0.003977355547249317,0.0,0.0,0.0,0.0,0.0,0.0,0.035074446350336075,0.07897274941205978,0.10075613111257553,0.08283904194831848,0.08116146177053452,0.08424212783575058,0.08793935179710388,0.09265588223934174,0.10991166532039642,0.11835269629955292,0.12523141503334045,0.14737744629383087,0.15285170078277588,0.11916292458772659,0.06593675911426544,0.03865883871912956,0.012571594677865505,0.0,-0.0010233701905235648,-0.015794165432453156,-0.05310966819524765,-0.1090930923819542,-0.1308261603116989,-0.1277092546224594,-0.13449715077877045,-0.15005818009376526,-0.17071188986301422,-0.19620834290981293,-0.2236689180135727,-0.2522258460521698,-0.29685473442077637
