currents_20100914.json
{"header": {"parameterCategory":2,"parameterNumber":2,"nx":74,"ny":54,"lo1":22.5,"la1":41.2,"lo2":27.0,"la2":38.2,"dx":0.06164383561643835,"dy":0.05660377358490566,"refTime":"2010-09-14T12:00:00"}, "data":
[rows 21 to 41 of 54, columns 0 to 46 of 74]
0.0,0.0,0.01806948147714138,0.042040321975946426,0.03589438274502754,0.02313409000635147,-0.004830650519579649,-0.04033271595835686,-0.04172501713037491,-0.0469922311604023,-0.034819722175598145,-0.0197970662266016,0.010478820651769638,0.024966372177004814,0.06436463445425034,0.02293933928012848,0.01823827251791954,0.001051480881869793,0.010705742053687572,0.03189093992114067,0.05202586576342583,0.03608092665672302,0.005497130565345287,0.0,0.0,-0.10134849697351456,-0.2513081431388855,-0.21564771234989166,-0.20809359848499298,-0.15123474597930908,-0.22166208922863007,-0.28336918354034424,-0.2340240478515625,-0.20739468932151794,-0.20223264396190643,-0.24943754076957703,-0.2238304615020752,-0.19317412376403809,-0.1707623451948166,-0.17840342223644257,-0.18489284813404083,-0.16219882667064667,-0.10928890109062195,-0.07428167760372162,-0.05188576504588127,-0.054328784346580505,-0.1572747677564621
0.0,0.0,0.003269416047260165,0.0028009817469865084,0.0021070949733257294,-0.00448328722268343,-0.026446862146258354,-0.06945264339447021,-0.08748482912778854,-0.11064338684082031,-0.12535037100315094,-0.12275863438844681,-0.08832740783691406,-0.029197460040450096,0.04110042378306389,0.06837435066699982,0.022857682779431343,0.0,0.0024527828209102154,0.0024527828209102154,0.05304200202226639,0.06185752898454666,0.029305532574653625,0.003377797780558467,-0.10334461182355881,-0.22780922055244446,-0.32150375843048096,-0.46623051166534424,-0.47103220224380493,-0.41472989320755005,-0.3535308539867401,-0.27943161129951477,-0.21521057188510895,-0.18090079724788666,-0.19632640480995178,-0.17073726654052734,-0.14609436690807343,-0.1307411938905716,-0.1439444124698639,-0.13653476536273956,-0.1190958097577095,-0.08166036009788513,-0.016399744898080826,-0.00773951131850481,-0.004178513307124376,-0.004178513307124376,-0.004178513307124376
0.0,0.0,0.0,0.0003558658354450017,0.004067772999405861,0.023705625906586647,0.006601117085665464,-0.038556355983018875,-0.07652591913938522,-0.05647846683859825,-0.06328747421503067,-0.11148221790790558,-0.14037485420703888,-0.14780472218990326,-0.0979926586151123,-0.09977638721466064,-0.10720465332269669,-0.13103646039962769,-0.15760739147663116,-0.18372207880020142,-0.1586669236421585,-0.14482173323631287,-0.1506393551826477,-0.20877811312675476,-0.1879126876592636,-0.2429180145263672,-0.29183343052864075,-0.45131298899650574,-0.4837423861026764,-0.48013225197792053,-0.40456488728523254,-0.32864436507225037,-0.27492621541023254,-0.24351383745670319,-0.16892462968826294,-0.11191743612289429,-0.1051674410700798,-0.12506596744060516,-0.17601518332958221,-0.1591164469718933,-0.1347072869539261,-0.06481707096099854,-0.008660233579576015,0.0,0.0,0.0,0.0
0.0,0.0,0.0,0.0,0.003323022974655032,0.024554522708058357,0.014030405320227146,-0.004983818624168634,-0.046591076999902725,-0.032059937715530396,-0.059826306998729706,-0.1257726401090622,-0.223653644323349,-0.2406322956085205,-0.2077876776456833,-0.22117340564727783,-0.22791452705860138,-0.2401135116815567,-0.2666844427585602,-0.3034844398498535,-0.32074129581451416,-0.3092476725578308,-0.28544867038726807,-0.33418503403663635,-0.3133196234703064,-0.25019049644470215,-0.21642732620239258,-0.3549841344356537,-0.46443066000938416,-0.46164003014564514,-0.4186217486858368,-0.344791442155838,-0.27973848581314087,-0.22084379196166992,-0.13809865713119507,-0.07716303318738937,-0.07041304558515549,-0.07826840877532959,-0.153428316116333,-0.14075051248073578,-0.15733018517494202,-0.08743996173143387,-0.04135436564683914,-0.03682823106646538,-0.015298989601433277,-0.015298989601433277,-0.020260069519281387
0.0,0.0,0.0,0.0,0.0,0.0008312492282129824,0.0062636020593345165,0.02460683137178421,-0.009900066070258617,-0.025302378460764885,-0.06621295213699341,-0.1807546615600586,-0.2817308008670807,-0.3029048442840576,-0.2785116732120514,-0.27216196060180664,-0.27358782291412354,-0.2849520444869995,-0.3056447207927704,-0.3310588002204895,-0.3530595302581787,-0.36288464069366455,-0.3587753474712372,-0.32926714420318604,-0.24972814321517944,-0.1722813993692398,-0.13056258857250214,-0.20145352184772491,-0.31423744559288025,-0.3879179358482361,-0.38913851976394653,-0.3256593644618988,-0.24938546121120453,-0.17345984280109406,-0.10954131931066513,-0.07770318537950516,-0.041195470839738846,-0.023975063115358353,-0.069161057472229,-0.14961093664169312,-0.17844782769680023,-0.15833120048046112,-0.1242237463593483,-0.08463317900896072,-0.058726515620946884,-0.0528399758040905,-0.07540886104106903
0.0,0.0,0.0,0.0,0.0,0.0,0.0070858304388821125,0.0320117212831974,0.021414602175354958,-0.004462429787963629,-0.04857686907052994,-0.05453101918101311,-0.1477958709001541,-0.17474409937858582,-0.17734049260616302,-0.1668771207332611,-0.16337570548057556,-0.16640841960906982,-0.14027836918830872,-0.11025594174861908,-0.05137515440583229,-0.05658649653196335,-0.01765013299882412,-0.011710907332599163,-0.031067941337823868,0.03476069122552872,-0.0028870298992842436,-0.07104820758104324,-0.15527229011058807,-0.1760857105255127,-0.17965656518936157,-0.15413756668567657,-0.1251276284456253,-0.06353588402271271,-0.05048135295510292,-0.04497312009334564,-0.04182114452123642,-0.031416457146406174,-0.015742767602205276,-0.04330729320645332,-0.07996070384979248,-0.131285160779953,-0.14294056594371796,-0.13267111778259277,-0.1528533548116684,-0.1477016657590866,-0.13954898715019226
0.0,0.0,0.0,0.0,0.0,0.0,0.00530316261574626,0.02978336624801159,0.02542632259428501,0.01665973849594593,0.027290428057312965,0.039233237504959106,-0.045597143471241,-0.054880063980817795,-0.0574764646589756,-0.05780794844031334,-0.06952755898237228,-0.05518287792801857,-0.044933367520570755,0.0014939194079488516,0.07248792797327042,0.11351170390844345,0.14746339619159698,0.14905627071857452,0.15270839631557465,0.123693086206913,0.10209065675735474,0.04342791065573692,0.002994316164404154,-0.03570259362459183,-0.0406695120036602,-0.023938996717333794,-0.014712551608681679,-0.016554949805140495,-0.012408175505697727,-0.03589678183197975,-0.03274480625987053,-0.023326914757490158,0.0013919479679316282,-0.02382000721991062,-0.019369568675756454,-0.07069402933120728,-0.10099219530820847,-0.12803998589515686,-0.14822222292423248,-0.1667778640985489,-0.15889160335063934
0.0,0.0,0.0,0.0,0.0,0.0,0.00530316261574626,0.019150756299495697,0.035416170954704285,0.061333078891038895,0.08434555679559708,0.09124185144901276,0.1142883375287056,0.10039550065994263,0.06820116937160492,0.04484952613711357,0.016140718013048172,0.002221927745267749,0.004325683694332838,0.027069566771388054,0.06841333955526352,0.10792235285043716,0.1380937099456787,0.15877974033355713,0.1753324419260025,0.18278583884239197,0.17641350626945496,0.1328108161687851,0.07970817387104034,0.03655266389250755,0.018610944971442223,0.019857870414853096,0.016019554808735847,0.010186325758695602,0.004981582053005695,-0.026466721668839455,-0.04216866195201874,-0.04214271530508995,-0.02505575865507126,-0.0012165543157607317,0.009328766725957394,0.005462181754410267,-0.017545944079756737,-0.03994095325469971,-0.06477928161621094,-0.0891205295920372,-0.10907122492790222
0.0,0.0,0.0,0.0,0.0,0.0,0.00530316261574626,0.005892623215913773,0.0070706382393836975,0.057961855083703995,0.10035582631826401,0.12583470344543457,0.1458088904619217,0.14368288218975067,0.16314713656902313,0.14588142931461334,0.10985097289085388,0.09265466034412384,0.07478853315114975,0.07988931983709335,0.08793427050113678,0.12060683220624924,0.1216716393828392,0.1348382830619812,0.1490926891565323,0.15592870116233826,0.15265443921089172,0.1408294141292572,0.1290436089038849,0.09464734047651291,0.03795051574707031,0.023022392764687538,0.019658472388982773,0.014935517683625221,0.009720094501972198,-0.019223134964704514,-0.036496926099061966,-0.041620589792728424,-0.03396613523364067,-0.015424023382365704,-0.0070159644819796085,0.0014863694086670876,-0.010218268260359764,-0.00923894066363573,-0.02752719260752201,-0.018409403041005135,-0.026587897911667824
0.0,0.0,0.0,0.0,0.0,0.0,0.0,0.0,0.0,0.04536358267068863,0.06885725259780884,0.10756687074899673,0.15313415229320526,0.18572059273719788,0.20518484711647034,0.20173367857933044,0.18370917439460754,0.15477462112903595,0.1402370184659958,0.129379004240036,0.10527708381414413,0.10767534375190735,0.09679467976093292,0.10078536719083786,0.0974031314253807,0.10423914343118668,0.11375530064105988,0.12630225718021393,0.1286969631910324,0.09542809426784515,0.04493776336312294,0.028930526226758957,0.027018697932362556,0.023945193737745285,0.019621511921286583,-0.006241898983716965,-0.027857903391122818,-0.035086724907159805,-0.03524046391248703,-0.0241708867251873,-0.020812993869185448,-0.012310659512877464,-0.014971591532230377,-0.009952028281986713,0.009927396662533283,0.02814538963139057,0.0376572385430336
0.0,0.0,0.0,0.0,0.0,0.0,0.0,0.0,0.0,0.0,0.012914692983031273,0.05283378064632416,0.11628647148609161,0.17047183215618134,0.21027323603630066,0.22243162989616394,0.21569529175758362,0.2045947015285492,0.1864328235387802,0.15796314179897308,0.11615455895662308,0.08106827735900879,0.05863171070814133,0.04590284824371338,0.03637794405221939,0.03655506297945976,0.051719196140766144,0.07737071812152863,0.09202362596988678,0.08385898917913437,0.04104241728782654,0.028739580884575844,0.027034925296902657,0.031220678240060806,0.030870236456394196,0.015187729150056839,-0.008221851661801338,-0.028795605525374413,-0.03306403383612633,-0.023309150710701942,-0.02094399370253086,-0.02514665201306343,-0.019976653158664703,-0.003923785872757435,0.014065601862967014,0.03932445868849754,0.07500754296779633
0.0,0.0,0.0,0.0,0.0,0.0,0.0,0.0,0.0,0.0,0.012914692983031273,0.014794319868087769,0.03441029042005539,0.09075167030096054,0.14748622477054596,0.18676702678203583,0.1923750340938568,0.18769654631614685,0.167725071310997,0.12262813001871109,0.0800514742732048,0.0351761095225811,0.0004233995277900249,-0.028180623427033424,-0.046620894223451614,-0.048539869487285614,0.014388917945325375,0.016819948330521584,0.020635094493627548,0.01658366434276104,0.012015797197818756,0.032033007591962814,0.017219217494130135,0.014636947773396969,0.012230876833200455,0.022392218932509422,0.0004577459185384214,-0.01888890378177166,-0.027508465573191643,-0.020646166056394577,-0.0073546189814805984,-0.0006487557548098266,0.01722346618771553,0.030111506581306458,0.03724722936749458,0.05414031818509102,0.06662411242723465
0.0,0.0,0.0,0.0,0.0,0.0,-0.004859800450503826,-0.007424440234899521,-0.005635650362819433,-0.002957468619570136,0.0012219924246892333,0.0,0.016159288585186005,0.013623260892927647,0.07035782188177109,0.10743355005979538,0.1233065128326416,0.12230212241411209,0.0969030112028122,0.06451036036014557,0.05039988458156586,0.005524519365280867,-0.004173760302364826,-0.014627126045525074,0.011616692878305912,-0.04396689310669899,-0.0011896066134795547,-0.019006211310625076,-0.04848119243979454,-0.044753458350896835,-0.02335529588162899,-0.01406886801123619,-0.03276403620839119,-0.018289294093847275,-0.0029091155156493187,0.014990713447332382,0.004624089691787958,-0.005790929775685072,-0.016634145751595497,-0.015295247547328472,-0.006994249299168587,0.012133508920669556,0.03418496623635292,0.05430702120065689,0.061442743986845016,0.06833723187446594,0.06761243939399719
0.0,0.0,0.0,0.0,0.0,-0.002043528715148568,-0.006903328932821751,-0.015711143612861633,-0.01058905478566885,-0.004362896550446749,0.0011096817906945944,-0.0006606769165955484,0.0005792201263830066,-0.005768752656877041,-0.013094540685415268,0.010422821156680584,0.03410736843943596,0.03396114706993103,0.018081583082675934,0.00841898936778307,0.0056521156802773476,0.012679924257099628,0.031437184661626816,0.06184055656194687,0.09967547655105591,0.06959348917007446,-0.0042868866585195065,-0.06208321824669838,-0.09511090815067291,-0.0922006219625473,-0.07051543146371841,-0.0928707867860794,-0.11140254884958267,-0.08515691012144089,-0.015394167974591255,0.008896061219274998,0.011416464112699032,0.003312937682494521,-0.007943786680698395,-0.008398002944886684,-0.003420728724449873,0.006854191422462463,0.03176895156502724,0.0563257597386837,0.07484502345323563,0.07884831726551056,0.06527096778154373
0.0,0.0,0.0,0.0,0.0,-0.011523711495101452,-0.01946348324418068,0.0018843627767637372,-0.015478583052754402,-0.023476675152778625,-0.027394719421863556,0.0035099778324365616,0.0017803480150178075,-0.0029039059299975634,-0.011952404864132404,-0.03489306569099426,-0.00718276109546423,0.001207859837450087,0.002479973016306758,-0.010119052603840828,0.00011241067113587633,0.005732938647270203,0.009033136069774628,0.015693949535489082,0.008937768638134003,-0.040157802402973175,-0.007173052988946438,-0.0206774789839983,-0.06957831978797913,-0.08478637784719467,-0.16934525966644287,-0.13318994641304016,-0.11891845613718033,-0.047627851366996765,-0.020649103447794914,-0.008225142024457455,-0.009987746365368366,-0.01804303377866745,-0.02649977244436741,-0.03096996434032917,-0.029770739376544952,-0.025503531098365784,-0.014408250339329243,0.00623614015057683,0.03121522255241871,0.04534108564257622,0.055938635021448135
0.0,0.0,0.0,0.0,0.0,-0.011523711495101452,-0.011853153817355633,0.004486887250095606,0.0013516683829948306,-0.014397332444787025,-0.019500670954585075,0.002119774464517832,0.012667806819081306,0.010887457989156246,0.002856754232198,-0.01870083063840866,-0.03198656067252159,-0.01566656120121479,-0.0013368730433285236,-0.007730783894658089,-0.004414280876517296,0.0012062471359968185,-0.003672494553029537,-0.026888616383075714,-0.08369321376085281,-0.0910138264298439,-0.06481224298477173,-0.05106980726122856,-0.0684649720788002,-0.08528392761945724,-0.14855118095874786,-0.11328231543302536,-0.09688258916139603,-0.053296394646167755,-0.037464458495378494,-0.03524591028690338,-0.0445234440267086,-0.05440293252468109,-0.06302646547555923,-0.07530855387449265,-0.07620635628700256,-0.08776014298200607,-0.08651354163885117,-0.07014739513397217,-0.05292896926403046,-0.02414552867412567,0.001133730518631637
0.0,0.0,0.0,0.0,0.0,0.0,0.0,0.00010002518683904782,0.006580214016139507,0.0033032887149602175,0.0023747170343995094,0.0023747170343995094,0.01944654807448387,0.022687098011374474,0.021701758727431297,0.015625467523932457,-0.013497295789420605,-0.01758531853556633,-0.005891875363886356,-0.0026433055754750967,-0.002152020810171962,-0.0027463200967758894,-0.0022058815229684114,-0.05431189760565758,-0.1205521896481514,-0.14356249570846558,-0.11423394829034805,-0.05376976355910301,-0.07191453874111176,-0.08164702355861664,-0.07442915439605713,-0.044044479727745056,-0.03252941742539406,-0.03737223893404007,-0.05590517073869705,-0.07418113201856613,-0.08600039035081863,-0.0991373062133789,-0.10827619582414627,-0.12357166409492493,-0.13771268725395203,-0.15255877375602722,-0.1622755229473114,-0.16450075805187225,-0.14728233218193054,-0.12072347849607468,-0.08233428746461868
0.0,0.0,0.0,0.0,0.0,0.0,0.0,0.00010002518683904782,0.0016529696295037866,-0.001276268856599927,0.0016941960202530026,0.014589522033929825,0.009750897996127605,0.008299131877720356,0.009560183621942997,0.03223750740289688,0.004102024715393782,-0.0038583099376410246,-0.0011847957503050566,-0.013712630607187748,-0.02989325486123562,-0.03892887383699417,-0.036505281925201416,-0.04520214721560478,-0.07673846930265427,-0.07688980549573898,-0.04926054924726486,-0.04210333153605461,-0.04652673006057739,-0.03782406449317932,-0.02330007776618004,-0.009237443096935749,-0.0028808857314288616,-0.015138915739953518,-0.06574766337871552,-0.10165203362703323,-0.11903437972068787,-0.13726264238357544,-0.15274988114833832,-0.16632425785064697,-0.17648443579673767,-0.1868622899055481,-0.2011670172214508,-0.21743737161159515,-0.2116599977016449,-0.20218724012374878,-0.1611776053905487
0.0,0.0,0.0,0.0,0.0,0.0,0.0,-0.00047385896323248744,-0.020359095185995102,-0.022432291880249977,0.0029691869858652353,0.00916093960404396,0.005214194301515818,0.003762427717447281,0.004261485766619444,0.01770929992198944,0.01697544753551483,0.005816194228827953,-0.0006645037210546434,-0.01686965674161911,-0.03504054620862007,-0.04367581382393837,-0.02887854538857937,-0.01292033214122057,0.018024899065494537,0.017873557284474373,0.02208847366273403,0.008563416078686714,-0.004729588516056538,0.002893250435590744,0.014939543791115284,0.015552137047052383,0.004658697638660669,-0.01730397529900074,-0.024447018280625343,-0.08687625825405121,-0.13148091733455658,-0.15085351467132568,-0.17075984179973602,-0.18289005756378174,-0.19305023550987244,-0.20429572463035583,-0.21783076226711273,-0.23375727236270905,-0.248713880777359,-0.24851955473423004,-0.22897425293922424
0.0,0.0,-0.007789967115968466,-0.005381003022193909,0.0,0.0,0.0,-0.00047385896323248744,-0.03117308020591736,-0.021129464730620384,0.0,0.0,0.0,0.0,0.0,0.0,0.007060243748128414,0.01866544783115387,0.00957995094358921,-0.007397917099297047,-0.017954310402274132,-0.020231321454048157,-0.0066278306767344475,0.026609590277075768,0.06839510053396225,0.09464997798204422,0.0931004211306572,0.07206487655639648,0.06875760853290558,0.04052051529288292,0.04509200528264046,0.020200826227664948,0.0028603740502148867,0.0017256163991987705,0.018865499645471573,-0.05686711519956589,-0.09223796427249908,-0.14730094373226166,-0.16935838758945465,-0.18079032003879547,-0.19255231320858002,-0.2044324427843094,-0.2171596884727478,-0.23433277010917664,-0.25417032837867737,-0.26626360416412354,-0.2701888978481293
0.0,0.0,-0.014348816126585007,-0.036539189517498016,-0.002605867339298129,0.0,0.0,-0.00047385896323248744,-0.008821497671306133,-0.007790653500705957,0.0,0.0,0.0,0.0,0.0,0.0,0.025372833013534546,0.05097076669335365,0.057173121720552444,0.05180034413933754,0.05030025169253349,0.05142144486308098,0.0629424899816513,0.06948215514421463,0.09389777481555939,0.11426527053117752,0.12544086575508118,0.15064102411270142,0.15955433249473572,0.12734101712703705,0.07114866375923157,0.05213932693004608,0.01937578059732914,0.0,0.0031277108937501907,0.011701366864144802,-0.026757044717669487,-0.10432937741279602,-0.13612154126167297,-0.15015840530395508,-0.1630190908908844,-0.17553429305553436,-0.19112105667591095,-0.21289624273777008,-0.24083591997623444,-0.26637396216392517,-0.30824077129364014
