currents_20100911.json
{"header": {"parameterCategory":2,"parameterNumber":2,"nx":74,"ny":54,"lo1":22.5,"la1":41.2,"lo2":27.0,"la2":38.2,"dx":0.06164383561643835,"dy":0.05660377358490566,"refTime":"2010-09-11T12:00:00"}, "data":
[rows 0 to 20 of 54, columns 0 to 46 of 74]
0.0,0.0,0.0,0.0,0.0,0.0,0.0,0.0,0.0,0.0,0.0,0.0,0.0,0.0,0.0,0.0,0.0,0.0,0.0,0.0,0.0,0.0,0.0,0.0,0.0,0.0,0.0,0.0,0.0,0.0,0.0,0.0,0.0,0.0,0.0,0.0,0.0,0.0,0.0,0.0,0.0,0.0,0.0,0.0,0.0,0.0,0.0
0.0,0.0,0.0,0.0,0.0,0.0,0.0,0.0,0.0,0.0,0.0,0.0,0.0,0.0,0.0,0.0,0.0,0.0,0.0,0.0,0.0,0.0,0.0,0.0,0.0,0.0,0.0,0.0,0.0,0.0,0.0,0.0,0.0,0.0,0.0,0.0,0.0,0.0,0.0,0.0,0.0,0.0,0.0,0.0,0.0,0.0,0.0
0.0,0.0,0.0,0.0,0.0,0.0,0.0,0.0,0.0,0.0,0.0,0.0,0.0,0.0,0.0,0.0,0.0,0.0,0.0,0.0,0.0,0.0,0.0,0.0,0.0,0.0,0.0,0.0,0.0,0.0,0.0,0.0,0.0,0.0,0.0,0.0,0.0,0.0,0.0,0.0,0.0,0.0,0.0,0.0,0.0,0.0,0.0
0.0,0.0,0.0,0.0,0.0,0.0,0.0,0.0,0.0,0.0,0.0,0.0,0.0,0.0,0.0,0.0,0.0,0.0,0.0,0.0,0.0,0.0,0.0,0.0,0.0,0.0,0.0,0.0,0.0,0.0,0.0,0.0,-0.002339776838198304,0.0,0.0,0.0,0.0,0.0,0.0,0.0,0.0,-0.0031557390466332436,-0.0031557390466332436,-0.0031557390466332436,0.0,0.0,0.0
0.0,0.0,0.0,0.0,0.0,0.0,0.0,0.0,0.0,0.0,0.0,0.0,0.0,0.0,0.0,0.0,0.0,0.0,0.0,0.0,0.0,0.0,0.0,0.0,0.0,0.0,0.0,0.0,0.0,0.0,0.0,0.0,-0.03128967061638832,-0.02931332215666771,0.0,0.0,0.0,0.0,0.0,0.0,0.0,-0.013557756319642067,-0.05996823310852051,-0.029979869723320007,0.0,0.0,0.0
0.0,0.0,0.0,0.0,0.0,0.0,0.0,0.0,0.0,0.0,0.0,0.0,0.0,0.0,0.0,0.0,0.0,0.0,0.0,0.0,0.0,0.0,0.0,0.0,0.0,0.0,0.0,0.0,0.0,0.0,0.0,-0.049817487597465515,-0.07727137207984924,-0.05259297788143158,-0.026278946548700333,0.0,0.0,0.0,-0.04328303039073944,-0.052070558071136475,-0.026944903656840324,-0.04050265997648239,-0.061396896839141846,-0.03662547096610069,-0.014973875135183334,-0.01530032604932785,-0.02645193599164486
0.0,0.0,0.0,0.0,0.0,0.0,0.0,0.0,0.0,0.0,0.0,0.0,0.0,0.0,0.0,0.0,0.0,0.0,0.0,0.0,0.0,0.0,0.0,0.0,0.0,0.0,0.0,0.0,-0.006719512399286032,-0.04449385032057762,-0.12711356580257416,-0.11133518815040588,-0.08752993494272232,-0.07079029828310013,-0.06654989719390869,-0.019649876281619072,0.0,-0.02282651513814926,-0.11723189800977707,-0.1282089799642563,-0.10102557390928268,-0.04932752996683121,-0.009500072337687016,-0.005888092331588268,-0.014328100718557835,-0.03003123216331005,-0.062134262174367905
0.0,0.0,0.0,0.0,0.0,0.0,0.0,0.0,0.0,0.0,0.0,0.0,0.0,0.0,0.0,0.0,0.0,0.0,0.0,0.0,0.0,0.0,0.0,0.0,0.0,0.0,0.0,0.0,-0.04859509691596031,-0.09982965141534805,-0.10024090856313705,-0.03435869142413139,-0.029287613928318024,-0.04289466142654419,-0.07956477999687195,-0.02349729835987091,-0.018969321623444557,-0.0655205026268959,-0.08927736431360245,-0.025197941809892654,0.008945372886955738,0.05322478339076042,0.08007016777992249,0.08800499886274338,0.08463172614574432,0.07802316546440125,0.062419258058071136
0.0,0.0,0.0,0.0,0.0,0.0,0.0,0.0,0.0,0.0,0.0,0.0,0.0,0.0,0.0,0.0,0.0,0.0,0.0,0.0,-0.0025538259651511908,-0.04668188840150833,-0.051874466240406036,-0.0840931385755539,-0.1212100237607956,-0.1212100237607956,-0.09568039327859879,-0.07299277931451797,-0.028697621077299118,-0.07022792100906372,-0.049033522605895996,-0.0014964909059926867,-0.025079892948269844,-0.029319239780306816,-0.047352805733680725,-0.02349729835987091,-0.0402962751686573,-0.04946715757250786,-0.049510665237903595,-0.016241606324911118,0.019655244424939156,0.06322481483221054,0.08321712166070938,0.09710240364074707,0.0972999781370163,0.10291153937578201,0.09987135231494904
0.0,0.0,0.0,0.0,0.0,0.0,0.0,0.0,0.0,0.0,0.0,0.0,0.0,0.0,0.0,0.0,0.0,0.0,0.0,0.0,-0.02126198075711727,-0.06539004296064377,-0.10617656260728836,-0.19034212827682495,-0.23435230553150177,-0.24743609130382538,-0.20155136287212372,-0.13159602880477905,-0.07897858321666718,-0.02826237492263317,-0.004542807582765818,-0.01374499686062336,-0.0382545031607151,-0.03697047010064125,-0.0007813656702637672,0.0,0.0,-0.009375379420816898,-0.010296925902366638,-0.005371714010834694,0.002648310735821724,0.0071925013326108456,0.0228181891143322,0.039806269109249115,0.05481312423944473,0.06401371955871582,0.07434170693159103
0.0,0.0,0.0,0.0,0.0,0.0,0.0,0.0,0.0,0.0,0.0,0.0,0.0,0.0,0.0,0.0,0.0,0.0,0.0,0.0,0.0,-0.024359671398997307,-0.023067336529493332,-0.03247195482254028,-0.09445665031671524,-0.137361079454422,-0.12555620074272156,-0.08848658204078674,-0.05804011970758438,-0.02271156571805477,-0.03972575441002846,-0.08437107503414154,-0.10423702746629715,-0.08383817970752716,-0.0007813656702637672,0.0,0.0,-0.016625676304101944,-0.06502597033977509,-0.09228923171758652,-0.09310280531644821,-0.09476585686206818,-0.08592140674591064,-0.07000232487916946,-0.05009625852108002,-0.032454751431941986,-0.015295431017875671
0.0,0.0,0.0,0.0,0.0,-0.00016056542517617345,-0.019252967089414597,-0.01815321296453476,-0.009577680379152298,0.0,0.0,0.0,0.0,0.0,0.0,0.0,0.0,0.0,0.0,0.0,0.0,0.0,0.0009985226206481457,-0.0009337670635432005,-0.047126371413469315,-0.09003078937530518,-0.11532212048768997,-0.10505187511444092,-0.07502484321594238,-0.06821484863758087,-0.08194170892238617,-0.12542803585529327,-0.18631765246391296,-0.16591879725456238,-0.16187074780464172,-0.15619467198848724,-0.15619467198848724,-0.1380193680524826,-0.1645037680864334,-0.17438381910324097,-0.1894693523645401,-0.18728107213974,-0.17404639720916748,-0.15218108892440796,-0.141239196062088,-0.12019654363393784,-0.11624395847320557
0.0,0.0,0.0,-0.0015680944779887795,-0.0015680944779887795,-0.016759511083364487,-0.03585191071033478,-0.03267690911889076,-0.009577680379152298,0.0,0.0,0.0,0.0,0.0,0.0,0.0,0.0,0.0,0.0,0.0,0.0,0.0,-0.0034752385690808296,-0.004887943621724844,-0.047087930142879486,-0.09340110421180725,-0.12807276844978333,-0.1334916353225708,-0.1387047916650772,-0.12549421191215515,-0.12795306742191315,-0.1598476618528366,-0.22318969666957855,-0.27738597989082336,-0.3327903747558594,-0.323441743850708,-0.306906521320343,-0.2698899209499359,-0.2696801722049713,-0.27182427048683167,-0.2804688513278961,-0.28275004029273987,-0.26405707001686096,-0.2400127351284027,-0.22820770740509033,-0.1948471963405609,-0.20378203690052032
0.0,0.0,-0.001485490589402616,-0.008624805137515068,-0.022486846894025803,-0.009740079753100872,-0.006535100284963846,-0.006535100284963846,-0.006535100284963846,0.0,0.0,0.0,0.0,0.0,0.0,0.0,0.0,0.0,0.0,0.0,0.0,0.0,-0.0034752385690808296,-0.02688458003103733,-0.06325672566890717,-0.10931462049484253,-0.1539924293756485,-0.21569810807704926,-0.23139861226081848,-0.21548593044281006,-0.18517115712165833,-0.17253585159778595,-0.20897802710533142,-0.23820537328720093,-0.28002217411994934,-0.29946064949035645,-0.3180954158306122,-0.3156155049800873,-0.32631567120552063,-0.3420540392398834,-0.3634597361087799,-0.3788597285747528,-0.3944724500179291,-0.38210076093673706,-0.35851043462753296,-0.2877236008644104,-0.1967393308877945
0.0,0.0,-0.0015868574846535921,-0.008850445039570332,-0.01314200647175312,0.006746496073901653,0.00034741804120130837,-0.00612993910908699,0.0,0.0,0.0,0.0,0.0,0.0,0.0,0.0,0.0,0.0,0.0,0.0,0.0,0.0,0.0,-0.01093291211873293,-0.04629628360271454,-0.05454859137535095,-0.09957923740148544,-0.18298804759979248,-0.21044814586639404,-0.2666626274585724,-0.22799775004386902,-0.20802728831768036,-0.1942906677722931,-0.2165774554014206,-0.24750657379627228,-0.26917341351509094,-0.2804325819015503,-0.2748093008995056,-0.2861187160015106,-0.31746283173561096,-0.33886855840682983,-0.3745153844356537,-0.4089074432849884,-0.44662758708000183,-0.40945154428482056,-0.4336755573749542,-0.39852607250213623
0.0,0.0,-0.0015868574846535921,-9.417792171007022e-05,0.013305352069437504,0.01987755484879017,0.01827661134302616,0.00492670014500618,0.014031828381121159,-0.004375114571303129,0.0,0.0,0.0,0.0,0.0,0.0,0.0,0.0,0.0,0.0,-0.004697457421571016,-0.01409162487834692,-0.01409162487834692,-0.015552200376987457,-0.017574720084667206,-0.02582702413201332,-0.02570457197725773,-0.0971098467707634,-0.1779463142156601,-0.2873421013355255,-0.24875634908676147,-0.2163379043340683,-0.20658637583255768,-0.2043369561433792,-0.21871832013130188,-0.22724078595638275,-0.22732838988304138,-0.22075720131397247,-0.2263404279947281,-0.25021275877952576,-0.286129891872406,-0.32973983883857727,-0.37438178062438965,-0.41979771852493286,-0.47226762771606445,-0.512843668460846,-0.5296047329902649
0.0,0.0,0.0022711504716426134,0.01440739817917347,0.03300383687019348,0.04989650472998619,0.060421038419008255,0.06647579371929169,0.04276033490896225,0.002791713224723935,-0.014779562130570412,0.0,0.0,0.0,0.0,0.0,0.0,0.0,0.0,0.0,-0.015632854774594307,-0.03991350531578064,-0.06482721865177155,-0.0940806120634079,-0.08716415613889694,-0.07433124631643295,-0.037365999072790146,-0.005969122517853975,-0.019729694351553917,-0.10462512075901031,-0.22702208161354065,-0.20796948671340942,-0.18978746235370636,-0.17754769325256348,-0.18061840534210205,-0.19116289913654327,-0.1991332620382309,-0.20130187273025513,-0.1892695128917694,-0.18956267833709717,-0.21137996017932892,-0.24436765909194946,-0.27601656317710876,-0.3283748924732208,-0.38706251978874207,-0.43750226497650146,-0.4177875518798828
0.0,0.0,-0.0019280926790088415,0.004314619582146406,0.013670939020812511,0.02803344465792179,0.04313915967941284,0.05264900624752045,0.040342140942811966,0.039661675691604614,0.016864128410816193,-0.010094176977872849,-0.0206336360424757,-0.0206336360424757,-0.009929308667778969,-0.02866942062973976,-0.05745862051844597,-0.05745862051844597,-0.06246214359998703,-0.012770319357514381,-0.002008837880566716,-0.029578233137726784,-0.040839824825525284,-0.055992186069488525,-0.08854749798774719,-0.06271208077669144,-0.045539140701293945,-0.02234690450131893,-0.01546029094606638,0.0,-0.10081637650728226,-0.1340557485818863,-0.17195145785808563,-0.15891015529632568,-0.14895017445087433,-0.1542172133922577,-0.1902952790260315,-0.21877890825271606,-0.24335940182209015,-0.233780637383461,-0.23566202819347382,-0.20922774076461792,-0.21606992185115814,-0.2276608645915985,-0.28392869234085083,-0.32949507236480713,-0.3792417347431183
0.0,0.0,-0.0019280926790088415,-0.011402475647628307,-0.00939978752285242,0.0008185920887626708,0.010870260186493397,0.0223744735121727,0.035825878381729126,0.035145413130521774,0.036408353596925735,-0.009493120945990086,-0.022621585056185722,-0.020748818293213844,-0.009929308667778969,-0.040532346814870834,-0.07774589210748672,-0.104072704911232,-0.09253819286823273,-0.021908503025770187,-0.022627748548984528,-0.0016287729376927018,-0.009629159234464169,-0.013996096327900887,-0.04314813390374184,-0.07254891097545624,-0.06463179737329483,-0.05803586170077324,-0.03887798637151718,-0.023417694494128227,-0.04363338276743889,-0.14335434138774872,-0.18125003576278687,-0.15923206508159637,-0.1441565454006195,-0.14784693717956543,-0.15841619670391083,-0.21387450397014618,-0.2866993546485901,-0.29340630769729614,-0.2618131637573242,-0.22352680563926697,-0.20409531891345978,-0.20201969146728516,-0.21713799238204956,-0.2584151327610016,-0.3620949983596802
0.0,0.0,-0.006569517310708761,-0.025834999978542328,-0.03185442462563515,-0.027561575174331665,-0.01985841430723667,-0.00785880722105503,0.004154585301876068,0.0163008663803339,0.0272627342492342,0.021942082792520523,0.00011761914356611669,-0.006089500617235899,-0.004943951964378357,-0.004943951964378357,-0.04610010236501694,-0.07869863510131836,-0.08503307402133942,-0.0897890031337738,-0.03719184920191765,0.0,-0.0017071804031729698,-0.0017071804031729698,-0.031675372272729874,-0.06723768264055252,-0.09318958967924118,-0.11413539946079254,-0.1041397675871849,-0.10802751779556274,-0.16494059562683105,-0.2590395212173462,-0.28908082842826843,-0.26138073205947876,-0.1909765899181366,-0.147630974650383,-0.14806710183620453,-0.19550389051437378,-0.2889411449432373,-0.3512624502182007,-0.3456861078739166,-0.3061523139476776,-0.25074419379234314,-0.21640841662883759,-0.20010963082313538,-0.20900581777095795,-0.2942952513694763
0.0,0.0,-0.011461381800472736,-0.03362417593598366,-0.04355677217245102,-0.0430656298995018,-0.04451301321387291,-0.03591059893369675,-0.024936867877840996,-0.011170823127031326,-0.0015913683455437422,6.451806257246062e-05,-0.019302217289805412,-0.02248096838593483,-0.001802719314582646,0.0,-0.00517131807282567,-0.03861050680279732,-0.08146780729293823,-0.13626138865947723,-0.08790694177150726,-0.07463231682777405,0.0,0.0,-0.021311961114406586,-0.08874589949846268,-0.17463774979114532,-0.29273325204849243,-0.3613532781600952,-0.3789714574813843,-0.34050628542900085,-0.29577329754829407,-0.33152666687965393,-0.3051265776157379,-0.31620073318481445,-0.24758565425872803,-0.24024489521980286,-0.16700999438762665,-0.1942223161458969,-0.23197822272777557,-0.22918696701526642,-0.21366669237613678,-0.20006155967712402,-0.17953723669052124,-0.19401736557483673,-0.21601997315883636,-0.25200721621513367
