currents_20100912.json
{"header": {"parameterCategory":2,"parameterNumber":3,"nx":74,"ny":54,"lo1":27.46,"la1":47.1,"lo2":42.58,"la2":40.43,"dx":0.20712328767123284,"dy":0.12584905660377363,"refTime":"2010-09-12T12:00:00"}, "data":
[rows 22 to 43 of 54, columns 0 to 48 of 74]
0.0,0.0,0.0,0.0,0.0,0.0,-0.07316563278436661,-0.34498605132102966,-0.24135752022266388,-0.1800072342157364,-0.11379044502973557,-0.10566361248493195,-0.08870137482881546,-0.03883427008986473,-0.009223191067576408,-0.0097910575568676,-0.01090353261679411,-0.03915396332740784,-0.10864526778459549,-0.06677013635635376,0.02646443620324135,0.08373124897480011,0.1262146681547165,0.11285161972045898,0.06644310802221298,0.0387115515768528,0.054018259048461914,0.1262241005897522,0.1782231330871582,0.10802994668483734,0.11881083995103836,0.003188063157722354,-0.12147684395313263,-0.2834708094596863,-0.25126850605010986,-0.16186188161373138,-0.04176463186740875,0.038623835891485214,0.09180023521184921,0.11273536831140518,0.14863239228725433,0.16055049002170563,0.1218680888414383,0.08097713440656662,0.03192193806171417,0.01192635390907526,0.039970513433218,0.05277331918478012,0.021326927468180656
0.0,0.0,0.0,0.0,0.0,0.0,-0.1836254745721817,-0.3632972538471222,-0.19278109073638916,-0.15139470994472504,-0.1213260069489479,-0.1247747540473938,-0.0823453813791275,-0.038481205701828,-0.011420004069805145,-0.0033284767996519804,-0.015921153128147125,-0.0329781211912632,-0.10545077174901962,-0.09087920933961868,-0.015164144337177277,0.02900371327996254,0.08541227877140045,0.12363294512033463,0.11174347996711731,0.06906708329916,0.03845047205686569,0.07713765650987625,0.12003277987241745,0.08479034155607224,0.14441433548927307,-0.029164444655179977,-0.1743665188550949,-0.23913466930389404,-0.22610753774642944,-0.12832719087600708,-0.03584512695670128,0.03872546926140785,0.11063159257173538,0.13462933897972107,0.15914194285869598,0.16556555032730103,0.11946741491556168,0.07678990066051483,0.03450293093919754,0.003484118962660432,0.0045443144626915455,0.004631811752915382,-0.005231315270066261
0.0,0.0,0.0,0.0,0.0,0.0,-0.19793890416622162,-0.3237912356853485,-0.1703731268644333,-0.15504753589630127,-0.15837106108665466,-0.11618994921445847,-0.0636109858751297,-0.035714857280254364,0.00736865121871233,0.018877973780035973,-0.011778785847127438,-0.042662251740694046,-0.09006933867931366,-0.12649868428707123,-0.055417679250240326,-0.021588578820228577,0.028331026434898376,0.07262936979532242,0.09855405986309052,0.07826443016529083,0.042269516736269,0.05559321120381355,0.08633061498403549,0.06354868412017822,0.07074892520904541,-0.019866077229380608,-0.12631212174892426,-0.17181290686130524,-0.14672839641571045,-0.08993498235940933,-0.040761034935712814,0.03136903792619705,0.11551947146654129,0.14370641112327576,0.14562484622001648,0.14912666380405426,0.12064827233552933,0.0749911367893219,0.03790029138326645,0.005466508213430643,-0.00852961279451847,-0.008764799684286118,-0.01222905982285738
0.0,0.0,0.0,0.0,0.0,0.0,-0.3406735360622406,-0.3257400095462799,-0.1905423253774643,-0.16520865261554718,-0.13751430809497833,-0.07891728729009628,-0.04602091386914253,-0.014033467508852482,0.02997267059981823,0.03825265169143677,0.008450445719063282,-0.03630821406841278,-0.0957377701997757,-0.15234161913394928,-0.09411408007144928,-0.06478707492351532,-0.013693813234567642,0.03194253146648407,0.0493694469332695,0.045299217104911804,0.029818566516041756,0.03292783349752426,0.053921908140182495,0.044308651238679886,0.02472637966275215,-0.016376106068491936,-0.06061149761080742,-0.0781140923500061,-0.07206551730632782,-0.05914740264415741,-0.04642557352781296,0.01395400706678629,0.10023605823516846,0.13517916202545166,0.13396874070167542,0.1190190240740776,0.09899714589118958,0.0706261545419693,0.03868798166513443,0.004314986523240805,-0.009038832038640976,-0.013440889306366444,-0.01975150592625141
0.0,0.0,0.0,0.0,0.0,0.0,-0.5131362080574036,-0.358679860830307,-0.1916946917772293,-0.1443544328212738,-0.09722194820642471,-0.050102055072784424,-0.025748230516910553,0.008411839604377747,0.048585791140794754,0.06183404475450516,0.04182825982570648,-0.020387640222907066,-0.1036064550280571,-0.17381137609481812,-0.13904547691345215,-0.10636630654335022,-0.029655013233423233,0.003582289209589362,0.023056933656334877,0.013965733349323273,0.0032490382436662912,0.00467852596193552,0.013482016511261463,0.0217599980533123,0.0171139445155859,0.0008075657533481717,-0.011019851081073284,-0.02189633995294571,-0.03102901764214039,-0.034688059240579605,-0.04716111347079277,-0.018857033923268318,0.05718304589390755,0.10896451771259308,0.1187378466129303,0.09929372370243073,0.07764116674661636,0.0579846017062664,0.03437446430325508,0.0035420022904872894,-0.017786704003810883,-0.02530878782272339,-0.027319617569446564
0.0,0.0,0.0,0.0,0.0,0.0,-0.6029006242752075,-0.37810757756233215,-0.1754508912563324,-0.11342430114746094,-0.06645969301462173,-0.03960297256708145,-0.0146810133010149,0.03374027460813522,0.07448428869247437,0.08171223849058151,0.06491594016551971,-0.008628834038972855,-0.11833638697862625,-0.19444897770881653,-0.1840081512928009,-0.12558141350746155,-0.03176232799887657,-0.019809942692518234,-0.012007780373096466,-0.0097108855843544,-0.022185083478689194,-0.017604045569896698,-0.0064145405776798725,0.006895023863762617,0.013811975717544556,0.017574436962604523,0.013366520404815674,0.0049079363234341145,-0.005696345120668411,-0.020551254972815514,-0.042208101600408554,-0.046684637665748596,0.0027503836899995804,0.07246232777833939,0.09948811680078506,0.09007938951253891,0.07093062251806259,0.05258022993803024,0.035398852080106735,0.0064470842480659485,-0.014748583547770977,-0.02538192644715309,-0.03030833788216114
0.0,0.0,0.0,0.0,0.0,0.0,-0.7139168381690979,-0.37896108627319336,-0.16199593245983124,-0.09742160141468048,-0.0701155811548233,-0.03628264367580414,0.0015981156611815095,0.05710555240511894,0.10429049283266068,0.10214155912399292,0.084297776222229,-0.0064810821786522865,-0.1357140690088272,-0.21628320217132568,-0.21240290999412537,-0.11123540997505188,-0.03705408051609993,-0.0392262227833271,-0.03737415745854378,-0.04002713784575462,-0.039266448467969894,-0.02778984047472477,-0.01008957251906395,-0.0027755622286349535,0.005018095951527357,0.013989229686558247,0.017545906826853752,0.01712092012166977,0.008424564264714718,-0.013088153675198555,-0.045575328171253204,-0.06864391267299652,-0.041562631726264954,0.024771036580204964,0.07142561674118042,0.0832953006029129,0.07084637880325317,0.05677756667137146,0.05118129774928093,0.03824291378259659,0.01454078033566475,-0.006336737424135208,-0.029250461608171463
0.0,0.0,0.0,0.0,-0.008205162361264229,-0.013934684917330742,-0.8800005912780762,-0.3464210033416748,-0.13820403814315796,-0.11281029134988785,-0.07995036989450455,-0.028765026479959488,0.02093197964131832,0.07318224012851715,0.12227252125740051,0.11525742709636688,0.07722063362598419,-0.014532485045492649,-0.1506742686033249,-0.23732206225395203,-0.21266303956508636,-0.08090870082378387,-0.049737896770238876,-0.0581609271466732,-0.04762792959809303,-0.059458568692207336,-0.047135576605796814,-0.023653879761695862,-0.001836413866840303,-0.0038646520115435123,-0.004252351820468903,0.010999782010912895,0.014187825843691826,0.015476830303668976,0.011983098462224007,-0.002565664704889059,-0.04424874112010002,-0.08308957517147064,-0.07538411021232605,-0.014077750034630299,0.03882709890604019,0.06736879795789719,0.07345845550298691,0.05975104868412018,0.06210450083017349,0.06716256588697433,0.06586083769798279,0.03580102324485779,-0.019348975270986557
0.0,0.0,0.0,0.011651089414954185,-0.058618344366550446,-0.3749276101589203,-0.6931109428405762,-0.25297969579696655,-0.16073770821094513,-0.1275855302810669,-0.07250414788722992,-0.025553883984684944,0.022201931104063988,0.08247946202754974,0.1113186627626419,0.11553846299648285,0.059437353163957596,-0.03208176791667938,-0.15600311756134033,-0.2238088995218277,-0.17915482819080353,-0.061175040900707245,-0.06496810168027878,-0.07445868104696274,-0.05735653638839722,-0.05836101621389389,-0.04084165394306183,-0.011724738404154778,0.008999831043183804,0.0021205584052950144,0.0018229749985039234,0.005914459004998207,0.009361116215586662,0.008094518445432186,0.0038284428883343935,-0.004489780403673649,-0.030007733032107353,-0.07538828253746033,-0.09062027931213379,-0.048006366938352585,0.008160548284649849,0.041547078639268875,0.06125101447105408,0.06709594279527664,0.07589668035507202,0.08893153816461563,0.09800200909376144,0.07390023022890091,0.007993102073669434
0.0,0.0,0.0,0.023392194882035255,-0.22994711995124817,-0.5892980694770813,-0.3997466564178467,-0.20999708771705627,-0.17846117913722992,-0.11580111086368561,-0.05236605554819107,-0.018753645941615105,0.008843841962516308,0.06277582794427872,0.09640926867723465,0.09594441950321198,0.04602311551570892,-0.04765170440077782,-0.14220048487186432,-0.18699271976947784,-0.12230783700942993,-0.06179006025195122,-0.062901571393013,-0.08057395368814468,-0.06307603418827057,-0.048448655754327774,-0.024404484778642654,-0.0011768892873078585,0.016792094334959984,0.011576690711081028,0.010275939479470253,0.00618017790839076,0.002836150350049138,-0.0023323497734963894,-0.0028157103806734085,-0.01814260147511959,-0.028749918565154076,-0.051745884120464325,-0.07097001373767853,-0.057725369930267334,-0.015908237546682358,0.01573825441300869,0.04074740409851074,0.05959288030862808,0.08963023871183395,0.10580716282129288,0.12389230728149414,0.09589875489473343,0.029479380697011948
0.0,0.0,0.0,-0.181126669049263,-0.4277184009552002,-0.4062971770763397,-0.2550879716873169,-0.21629899740219116,-0.1622226983308792,-0.08146169036626816,-0.034016095101833344,-0.013330105692148209,0.00026512000476941466,0.022296804934740067,0.06440684199333191,0.06120830029249191,0.027299975976347923,-0.03941772133111954,-0.11404159665107727,-0.12496127933263779,-0.07757806032896042,-0.05310577526688576,-0.06100986525416374,-0.0844179019331932,-0.06810817867517471,-0.03977782279253006,-0.011944112367928028,0.017086071893572807,0.028459468856453896,0.02581046149134636,0.013421398587524891,0.0044595240615308285,0.002757182577624917,-2.9089296731399372e-06,-0.008281929418444633,-0.02117084711790085,-0.03197518736124039,-0.04783942550420761,-0.05546790733933449,-0.05695641040802002,-0.03936474397778511,-0.012788527645170689,0.00724334642291069,0.04673956334590912,0.09118451923131943,0.11277854442596436,0.12985700368881226,0.10337607562541962,0.04048168659210205
0.0,0.0,-0.1312236338853836,-0.3643626570701599,-0.3880605399608612,-0.2869289219379425,-0.22190169990062714,-0.21216298639774323,-0.1330982744693756,-0.05684879049658775,-0.022123001515865326,-0.008062127977609634,0.005304266698658466,-0.0019172232132405043,0.019486820325255394,0.036898210644721985,0.010912345722317696,-0.03445463627576828,-0.07194199413061142,-0.07328107953071594,-0.06113865226507187,-0.05276469513773918,-0.056093279272317886,-0.07400517910718918,-0.06109992414712906,-0.02601519040763378,0.004336351994425058,0.02415633201599121,0.0352017842233181,0.03513135388493538,0.02551944926381111,0.007828311994671822,0.0004477413312997669,-0.00027330988086760044,-0.004517731722444296,-0.00989874079823494,-0.021430015563964844,-0.03160323575139046,-0.05677717551589012,-0.06060996651649475,-0.05340337008237839,-0.03884541615843773,-0.020806649699807167,0.031207699328660965,0.07409258186817169,0.10903593897819519,0.11523222923278809,0.1037774607539177,0.04837711527943611
0.0,0.0,-0.1713414341211319,-0.40278884768486023,-0.33306923508644104,-0.26166343688964844,-0.23491890728473663,-0.2000075727701187,-0.10713648051023483,-0.044518355280160904,-0.020635075867176056,-0.01347221527248621,0.006572477053850889,-0.00969411339610815,-0.006546142511069775,0.0036146219354122877,-7.432395068462938e-05,-0.02261941321194172,-0.048198480159044266,-0.05989614501595497,-0.05842206999659538,-0.04743307828903198,-0.042951494455337524,-0.04677819088101387,-0.04121727868914604,-0.014612766914069653,0.006829569581896067,0.014555934816598892,0.03858127072453499,0.05695614591240883,0.04049213230609894,0.007874398492276669,-0.005382150877267122,0.004421679303050041,0.00554853118956089,0.0008473984780721366,-0.00916155707091093,-0.01465713419020176,-0.038175471127033234,-0.05787879601120949,-0.0522996224462986,-0.04702939838171005,-0.03904712200164795,0.0019648349843919277,0.05352959781885147,0.08622746169567108,0.09901758283376694,0.0885406956076622,0.05815769359469414
0.0,0.0,-0.2802717089653015,-0.33396250009536743,-0.314195454120636,-0.3224707245826721,-0.25973302125930786,-0.18266870081424713,-0.08855956047773361,-0.033398453146219254,-0.02389705181121826,-0.022265831008553505,0.001672497601248324,-0.01027284562587738,-0.015233049169182777,-0.008649484254419804,-0.01371805090457201,-0.029406215995550156,-0.03960162401199341,-0.045726798474788666,-0.04483814164996147,-0.040055468678474426,-0.03518277779221535,-0.025150153785943985,-0.022726403549313545,-0.029026973992586136,-0.013736650347709656,0.05539916455745697,0.09337182343006134,0.12135936319828033,0.05362619832158089,-0.02578788250684738,-0.02863389626145363,-0.0017222970491275191,0.021776674315333366,0.027294401079416275,0.00612266082316637,-0.016565492376685143,-0.031339336186647415,-0.03900261968374252,-0.040487002581357956,-0.049682244658470154,-0.05325507000088692,-0.03148401901125908,0.021153928712010384,0.06478756666183472,0.0866856649518013,0.07414603978395462,0.06003842502832413
0.0,-0.0758003368973732,-0.31405121088027954,-0.22787274420261383,-0.3278871774673462,-0.45654726028442383,-0.282477468252182,-0.1613067239522934,-0.07032088935375214,-0.03368944674730301,-0.029691621661186218,-0.02059755101799965,-0.0030427086167037487,-0.010563318617641926,-0.013813034631311893,-0.0034292845521122217,-0.017459753900766373,-0.029615575447678566,-0.03460826724767685,-0.03661402314901352,-0.0319717600941658,-0.024887416511774063,-0.025896010920405388,-0.009679778479039669,-0.0460587814450264,-0.0667230635881424,0.03429476171731949,0.10735391825437546,0.16428405046463013,0.20752927660942078,0.09557583928108215,-0.07298892736434937,-0.06470458209514618,-0.00875869207084179,0.03489198163151741,0.058389998972415924,0.028484290465712547,-0.020507177338004112,-0.03660964220762253,-0.035918813198804855,-0.029036277905106544,-0.033894676715135574,-0.049217090010643005,-0.05104295536875725,-0.016534747555851936,0.03360587731003761,0.05531955882906914,0.06798635423183441,0.045652128756046295
-0.0168024729937315,-0.07637571543455124,-0.2323848456144333,-0.2002861648797989,-0.37222355604171753,-0.49404770135879517,-0.2673508822917938,-0.1437073051929474,-0.07068625092506409,-0.0525909960269928,-0.037378907203674316,-0.015158763155341148,0.0035973552148789167,-0.004941744729876518,-0.007226637098938227,-0.0023719496093690395,-0.015222585760056973,-0.02356848120689392,-0.024410955607891083,-0.029700571671128273,-0.021209726110100746,-0.0023633725941181183,-0.013141687959432602,-0.024152928963303566,-0.0873943492770195,-0.05290684849023819,0.09698493778705597,0.14891022443771362,0.22888949513435364,0.21830569207668304,0.10899680852890015,-0.07499150186777115,-0.07244516909122467,-0.002095863688737154,0.057275500148534775,0.08625098317861557,0.06564636528491974,0.010672417469322681,-0.02291036956012249,-0.026114534586668015,-0.028046865016222,-0.04158765450119972,-0.037410639226436615,-0.03992879018187523,-0.03694707900285721,-0.006648101378232241,0.02739061787724495,0.040400464087724686,0.03582107275724411
0.0,-0.0009739395463839173,-0.2642199695110321,-0.2517137825489044,-0.4136752486228943,-0.4073646366596222,-0.2549486756324768,-0.14370501041412354,-0.08807192742824554,-0.06942282617092133,-0.04717317596077919,-0.019168954342603683,0.004448016174137592,0.004442225676029921,-0.00019103015074506402,0.00193907564971596,-0.004349873401224613,-0.008568918332457542,-0.007651810068637133,-0.01642107404768467,-0.0008597765699960291,0.03309675678610802,-0.0056887436658144,-0.06741026788949966,-0.1285441517829895,-0.00966302677989006,0.14155128598213196,0.13623054325580597,0.20666150748729706,0.17270401120185852,0.08660063147544861,-0.015424860641360283,-0.01536479964852333,0.036536477506160736,0.06400608271360397,0.09607512503862381,0.08551154285669327,0.08100778609514236,0.08488154411315918,0.034000199288129807,-0.024060962721705437,-0.08921210467815399,-0.07572217285633087,-0.03947906568646431,-0.03381861001253128,-0.034061990678310394,-0.018222924321889877,-0.002819342538714409,0.01912771724164486
0.0,0.0,-0.1727793961763382,-0.31609904766082764,-0.4184044599533081,-0.35565081238746643,-0.26051047444343567,-0.16268616914749146,-0.10736165940761566,-0.08180339634418488,-0.050741709768772125,-0.015435518696904182,0.017577067017555237,0.007519678212702274,0.0020955228246748447,0.01133536733686924,0.010694627650082111,0.0020140015985816717,-0.00013252842472866178,-0.005485516972839832,0.021372191607952118,0.03381915017962456,-0.005179588682949543,-0.10530193895101547,-0.11903613805770874,0.05234674736857414,0.1321352869272232,0.06614084541797638,0.1326303780078888,0.15389913320541382,0.09487020969390869,0.048279501497745514,0.06407187134027481,0.045657992362976074,0.03142436593770981,0.03673190250992775,0.02835012972354889,0.14553427696228027,0.24483801424503326,0.1350659877061844,0.03017548657953739,-0.1395982801914215,-0.1422611027956009,-0.06330457329750061,-0.04167390614748001,-0.049219463020563126,-0.03837117925286293,-0.029371151700615883,-0.027268223464488983
0.0,0.0,0.0,-0.3981182873249054,-0.43699151277542114,-0.335597962141037,-0.2810509502887726,-0.1879514902830124,-0.12286946922540665,-0.09349483996629715,-0.06245580315589905,-0.014579243026673794,0.030061425641179085,0.018496932461857796,0.00934970285743475,0.005660193040966988,0.0007234998047351837,-0.008626928552985191,-0.0016002466436475515,0.023738348856568336,0.030558370053768158,-0.022264394909143448,-0.04162342846393585,-0.05341039225459099,-0.005447040777653456,0.105245441198349,0.08363877981901169,0.01563185639679432,0.06210896000266075,0.09344930946826935,0.09397649019956589,0.05680549144744873,0.08097684383392334,0.0683969035744667,0.01444416493177414,-0.05016881227493286,-0.006466493010520935,0.05804680287837982,0.28405213356018066,0.21727392077445984,0.09900430589914322,-0.11606494337320328,-0.13023239374160767,-0.05770518258213997,-0.06391706317663193,-0.08128544688224792,-0.06257696449756622,-0.05319606512784958,-0.05129877105355263
0.0,0.0,0.0,-0.2745251953601837,-0.42490354180336,-0.32295793294906616,-0.3019094169139862,-0.21629904210567474,-0.13911299407482147,-0.1056571900844574,-0.07561805099248886,-0.005472581833600998,0.02106337994337082,0.009952859953045845,0.010282834060490131,0.014829911291599274,-0.003344433382153511,-0.01407826691865921,0.011663896963000298,0.03066829778254032,0.010473862290382385,-0.03786270692944527,-0.029724959284067154,0.01526612602174282,0.08421110361814499,0.08550383150577545,0.05777490511536598,0.05187968164682388,0.0,0.0,0.0,0.0,0.0,-0.012422483414411545,0.0,-0.002631094306707382,0.0,0.06404301524162292,0.2030496448278427,0.1433887779712677,0.06443546712398529,-0.02735755406320095,0.07025183737277985,0.054974306374788284,-0.07921995967626572,-0.1480419784784317,-0.10364750027656555,-0.06523503363132477,-0.059738270938396454
0.0,0.0,0.0,-0.18589133024215698,-0.3229808807373047,-0.2512674629688263,-0.32546013593673706,-0.255222886800766,-0.17021450400352478,-0.13066041469573975,-0.09121757000684738,0.02312539890408516,0.008316638879477978,-0.019450897350907326,0.022249698638916016,0.034929919987916946,0.015904832631349564,-0.0041704499162733555,0.005797236692160368,0.006058328319340944,-0.03479296341538429,0.01175625715404749,0.0391702838242054,0.08164028078317642,0.05389853194355965,0.0110923508182168,0.015696074813604355,0.0,0.0,0.0,0.0,0.0,0.0,0.0,0.0,0.0,0.0,0.019137581810355186,0.20941777527332306,0.047236550599336624,-0.02185438573360443,0.014036680571734905,0.28833603858947754,0.18508277833461761,-0.026247436180710793,-0.19725580513477325,-0.14335694909095764,-0.0826847031712532,-0.07267976552248001
0.0,0.0,0.0,-0.10175832360982895,-0.22150419652462006,-0.18176142871379852,-0.2984004318714142,-0.29765135049819946,-0.2150518298149109,-0.16622532904148102,-0.11398440599441528,0.024472590535879135,0.005780720617622137,-0.012245940044522285,0.004775654524564743,0.04516512528061867,0.06291790306568146,0.02464965172111988,-0.012050624936819077,-0.01630464941263199,-0.0412166491150856,0.06946971267461777,0.09001628309488297,0.08994919806718826,0.0,0.0,0.0,0.0,0.0,0.0,0.0,0.0,0.0,0.0,0.0,0.0,0.0,0.0,0.0,0.016959181055426598,-0.026134395971894264,0.0,0.3249744176864624,0.2647695243358612,0.041052740067243576,-0.14338457584381104,-0.12728486955165863,-0.0784652978181839,-0.08360523730516434
