currents_20100913.json
{"header": {"parameterCategory":2,"parameterNumber":3,"nx":74,"ny":54,"lo1":27.46,"la1":47.1,"lo2":42.58,"la2":40.43,"dx":0.20712328767123284,"dy":0.12584905660377363,"refTime":"2010-09-13T12:00:00"}, "data":
[rows 22 to 43 of 54, columns 0 to 48 of 74]
0.0,0.0,0.0,0.0,0.0,0.0,-0.03587482124567032,-0.2587417662143707,-0.22656217217445374,-0.1628480702638626,-0.11098068952560425,-0.09509214013814926,-0.0856681615114212,-0.029414337128400803,-0.013042754493653774,-0.022365683689713478,-0.04364807903766632,-0.0933067724108696,-0.13090243935585022,-0.06732815504074097,-0.00417490815743804,0.059311456978321075,0.09001442790031433,0.06933899968862534,0.02085108309984207,-0.006169503089040518,0.0169619582593441,0.08718392252922058,0.07969599962234497,0.06395832449197769,-0.00032989884493872523,-0.049003541469573975,-0.12271817028522491,-0.2626735270023346,-0.2522982954978943,-0.2023850679397583,-0.12002911418676376,-0.04467657208442688,0.021887190639972687,0.05551930516958237,0.08636140823364258,0.08479984849691391,0.06345277279615402,0.04012912139296532,0.012134411372244358,0.0016276941169053316,0.027885347604751587,0.04048668220639229,0.006914192344993353
0.0,0.0,0.0,0.0,0.0,0.0,-0.11794514954090118,-0.29641690850257874,-0.19074329733848572,-0.1362864077091217,-0.10950609296560287,-0.10240989923477173,-0.0872218981385231,-0.037104520946741104,-0.019079633057117462,-0.02638816460967064,-0.048590246587991714,-0.08334764838218689,-0.14028485119342804,-0.09625735133886337,-0.03783853352069855,0.014664579182863235,0.06236571446061134,0.09596902132034302,0.07143870741128922,0.020550807937979698,0.0012529004598036408,0.03244079649448395,0.02301332913339138,0.11467009037733078,-0.003640491049736738,-0.09288562089204788,-0.22247406840324402,-0.24520975351333618,-0.26244983077049255,-0.1825830340385437,-0.10704949498176575,-0.026693692430853844,0.05029696971178055,0.07822119444608688,0.08796761929988861,0.0826660543680191,0.06261684000492096,0.04567365720868111,0.021250715479254723,-0.002591010881587863,0.005530830938369036,0.006440137047320604,-0.012880755588412285
0.0,0.0,0.0,0.0,0.0,0.0,-0.13833768665790558,-0.25901585817337036,-0.1565166711807251,-0.1590421050786972,-0.16994503140449524,-0.1152118518948555,-0.07400986552238464,-0.039575692266225815,-0.004300787579268217,-0.018509982153773308,-0.06355013698339462,-0.0856175497174263,-0.1309492439031601,-0.13995204865932465,-0.07286680489778519,-0.03408098965883255,0.011872700415551662,0.04626823961734772,0.06005772948265076,0.023569578304886818,-0.002407871652394533,-0.005202234257012606,-0.015874413773417473,0.03925749659538269,0.007491502445191145,-0.09662486612796783,-0.18365950882434845,-0.2251550853252411,-0.21540085971355438,-0.15580159425735474,-0.10612115263938904,-0.02795877493917942,0.05753191560506821,0.08994454145431519,0.0783165693283081,0.05862372741103172,0.042427871376276016,0.019250914454460144,0.002377931261435151,-0.020977340638637543,-0.025888951495289803,-0.01944512501358986,-0.027565261349081993
0.0,0.0,0.0,0.0,0.0,0.0,-0.21723324060440063,-0.22345466911792755,-0.1908092051744461,-0.2178308516740799,-0.18855251371860504,-0.08670055866241455,-0.05967412516474724,-0.024079393595457077,0.007749062497168779,-0.011927804909646511,-0.05973625183105469,-0.10251139104366302,-0.14336912333965302,-0.1917995661497116,-0.11474299430847168,-0.07907604426145554,-0.03183278813958168,0.008099091239273548,0.01710720732808113,0.0020633975509554148,-0.018239425495266914,-0.02270727977156639,-0.03253762796521187,-0.039126746356487274,-0.040664296597242355,-0.07348814606666565,-0.12764406204223633,-0.1456335186958313,-0.1316368579864502,-0.1140081137418747,-0.1044236272573471,-0.03895583376288414,0.04377301037311554,0.08535034954547882,0.07526369392871857,0.04127352684736252,0.019766096025705338,-0.0046446844935417175,-0.027882089838385582,-0.03871976584196091,-0.04455185681581497,-0.041922494769096375,-0.03653066232800484
0.0,0.0,0.0,0.0,0.0,0.0,-0.33315300941467285,-0.2709887623786926,-0.22416041791439056,-0.19200164079666138,-0.11164218187332153,-0.05992354825139046,-0.04185286909341812,-0.01014996599406004,0.013325963169336319,-0.0007437841850332916,-0.04859144985675812,-0.1035003811120987,-0.16123788058757782,-0.2188672572374344,-0.15862245857715607,-0.1223590299487114,-0.05655868723988533,-0.021125691011548042,-0.0023390217684209347,-0.022313568741083145,-0.03733386471867561,-0.038509245961904526,-0.03532685711979866,-0.047251712530851364,-0.06440048664808273,-0.06763072311878204,-0.07750668376684189,-0.08313939720392227,-0.08253884315490723,-0.08819855004549026,-0.10602090507745743,-0.06953137367963791,0.0039272489957511425,0.05577670410275459,0.06674697250127792,0.044430263340473175,0.01605336368083954,-0.008817384019494057,-0.040876418352127075,-0.054899848997592926,-0.05149472877383232,-0.05154082551598549,-0.03597763925790787
0.0,0.0,0.0,0.0,0.0,0.0,-0.43224382400512695,-0.32219788432121277,-0.20348653197288513,-0.1331331878900528,-0.08028939366340637,-0.05656059458851814,-0.03494541719555855,0.004108561668545008,0.030532408505678177,0.01409195177257061,-0.03649396821856499,-0.10060004889965057,-0.17128002643585205,-0.2313883900642395,-0.1976531594991684,-0.14547079801559448,-0.059133779257535934,-0.04815787449479103,-0.02788769081234932,-0.0354083776473999,-0.05188921466469765,-0.05060799419879913,-0.03650561347603798,-0.034025680273771286,-0.04654471203684807,-0.052319176495075226,-0.044932667165994644,-0.040021203458309174,-0.043233294039964676,-0.062088917940855026,-0.10165160149335861,-0.10441605001688004,-0.05001424625515938,0.018979733809828758,0.053621385246515274,0.04475162923336029,0.032203759998083115,0.006606115959584713,-0.02034020982682705,-0.05348909646272659,-0.054649315774440765,-0.05375339090824127,-0.04362522065639496
0.0,0.0,0.0,0.0,0.0,0.0,-0.5719843506813049,-0.3119330406188965,-0.1476513296365738,-0.11428161710500717,-0.08777396380901337,-0.057297300547361374,-0.02438775636255741,0.02707344852387905,0.06027623638510704,0.03419692814350128,-0.015655262395739555,-0.0961708202958107,-0.18186497688293457,-0.24400277435779572,-0.22333090007305145,-0.13283394277095795,-0.059831831604242325,-0.06590217351913452,-0.061560165137052536,-0.05195462331175804,-0.06694664061069489,-0.06233722344040871,-0.04289687052369118,-0.03467957302927971,-0.036533478647470474,-0.032570917159318924,-0.025373216718435287,-0.008808390237390995,-0.005428670439869165,-0.03796717897057533,-0.09463667869567871,-0.1306871920824051,-0.09935295581817627,-0.02636348456144333,0.028365246951580048,0.04261501505970955,0.032451290637254715,0.0198258925229311,0.002618401776999235,-0.014477810822427273,-0.032727837562561035,-0.03857343643903732,-0.04505922272801399
0.0,0.0,0.0,0.0,-0.008800662122666836,-0.0074859424494206905,-0.7181156873703003,-0.2933913469314575,-0.14139366149902344,-0.13480277359485626,-0.09954475611448288,-0.05176674202084541,-0.004950639791786671,0.048226967453956604,0.09192748367786407,0.06031620129942894,0.0073651825077831745,-0.08465747535228729,-0.18720383942127228,-0.253990113735199,-0.23020850121974945,-0.10592646151781082,-0.07398597151041031,-0.07986730337142944,-0.07637593895196915,-0.07671982049942017,-0.0812092274427414,-0.0671951174736023,-0.041522249579429626,-0.04104148969054222,-0.03612499311566353,-0.020768051967024803,-0.01451684907078743,-0.012834027409553528,-0.0031428751535713673,-0.02318544313311577,-0.08081451803445816,-0.1324995756149292,-0.12948410212993622,-0.06305693835020065,-0.006489990744739771,0.025656916201114655,0.03365030884742737,0.025913693010807037,0.01988585665822029,0.014246643520891666,0.015717297792434692,0.004265249241143465,-0.02429901249706745
0.0,0.0,0.0,-0.010813591070473194,-0.035659246146678925,-0.2472008466720581,-0.6307410001754761,-0.23829267919063568,-0.17802929878234863,-0.14992325007915497,-0.09378895908594131,-0.04428234323859215,0.008124904707074165,0.06504423171281815,0.09931211918592453,0.08396720141172409,0.020194457843899727,-0.07754248380661011,-0.1820695847272873,-0.23602013289928436,-0.20189261436462402,-0.07937879860401154,-0.09433793276548386,-0.09802627563476562,-0.08572022616863251,-0.08594827353954315,-0.07996798306703568,-0.058073531836271286,-0.03668268397450447,-0.03805028274655342,-0.034864287823438644,-0.02967049367725849,-0.022926392033696175,-0.024856192991137505,-0.02377362921833992,-0.03324412927031517,-0.06728403270244598,-0.11463131010532379,-0.12892401218414307,-0.08634743839502335,-0.0336163230240345,-0.0020088970195502043,0.017775356769561768,0.03131583705544472,0.028913460671901703,0.028428032994270325,0.041615307331085205,0.03468482568860054,0.00588269392028451
0.0,0.0,0.0,0.05652833357453346,-0.13646511733531952,-0.5655320286750793,-0.4248940944671631,-0.21700052917003632,-0.1966858208179474,-0.1353650838136673,-0.06978937238454819,-0.030904484912753105,-0.0008996097021736205,0.05612006410956383,0.08055592328310013,0.08338459581136703,0.02244006283581257,-0.07409705221652985,-0.17002779245376587,-0.20139886438846588,-0.14006146788597107,-0.08430151641368866,-0.09467571973800659,-0.1098003089427948,-0.09624189138412476,-0.08667919039726257,-0.07130523025989532,-0.04788064956665039,-0.030006064102053642,-0.030576098710298538,-0.030959248542785645,-0.03489314392209053,-0.038029830902814865,-0.04165403172373772,-0.0388215072453022,-0.05501418188214302,-0.07293924689292908,-0.10462561994791031,-0.12302467226982117,-0.10633842647075653,-0.06219469755887985,-0.0275589507073164,-0.009506053291261196,0.013170529156923294,0.030325457453727722,0.02670305408537388,0.04572557285428047,0.043049268424510956,0.007933869026601315
0.0,0.0,0.0,-0.03735837712883949,-0.3887225091457367,-0.47420749068260193,-0.2781095504760742,-0.23442722856998444,-0.17933206260204315,-0.10391438007354736,-0.053893785923719406,-0.02393384836614132,-0.012888466939330101,0.016018390655517578,0.05363106727600098,0.04177356883883476,0.008321530185639858,-0.06952577829360962,-0.14241144061088562,-0.14789524674415588,-0.09407495707273483,-0.07142500579357147,-0.08752893656492233,-0.1150502860546112,-0.09404447674751282,-0.07470481097698212,-0.056450195610523224,-0.029341375455260277,-0.01995142549276352,-0.026249835267663002,-0.03570536896586418,-0.04808533564209938,-0.052716173231601715,-0.059978991746902466,-0.05667721480131149,-0.0665561854839325,-0.08303338289260864,-0.10389963537454605,-0.11622946709394455,-0.11393536627292633,-0.08718293905258179,-0.04993779584765434,-0.036656394600868225,-0.01457926444709301,0.01168858539313078,0.02178296446800232,0.03294427692890167,0.0325956828892231,0.003228689543902874
0.0,0.0,-0.05780849978327751,-0.22355984151363373,-0.4551719129085541,-0.2988640069961548,-0.2392055243253708,-0.2331734448671341,-0.14962291717529297,-0.07885389029979706,-0.04575056955218315,-0.028176235035061836,-0.01600080356001854,-0.01696031540632248,0.003928002435714006,0.019064147025346756,-0.02369878813624382,-0.06750696152448654,-0.09860043227672577,-0.08783166110515594,-0.06468451023101807,-0.06268181651830673,-0.0769171193242073,-0.10265267640352249,-0.08207836002111435,-0.054013293236494064,-0.03513661026954651,-0.024515699595212936,-0.023265549913048744,-0.02742144837975502,-0.03884544223546982,-0.061781011521816254,-0.07366375625133514,-0.07961555570363998,-0.07640449702739716,-0.07524683326482773,-0.08781345933675766,-0.09694358706474304,-0.11780481040477753,-0.11558151245117188,-0.09904587268829346,-0.07204646617174149,-0.061715733259916306,-0.03898534178733826,-0.011592463590204716,0.015441457740962505,0.010986102744936943,0.002014287281781435,-0.021206695586442947
0.0,0.0,-0.11271855980157852,-0.4016038775444031,-0.3504011929035187,-0.22191140055656433,-0.2495192140340805,-0.21649008989334106,-0.1206277459859848,-0.061156027019023895,-0.04138926416635513,-0.03442436084151268,-0.01838207058608532,-0.038715291768312454,-0.03153466060757637,-0.014681098982691765,-0.021520791575312614,-0.05271545425057411,-0.06647315621376038,-0.0648389682173729,-0.0550822876393795,-0.04915182664990425,-0.05638455972075462,-0.06482430547475815,-0.05506149306893349,-0.036249760538339615,-0.025560934096574783,-0.035421863198280334,-0.031144728884100914,-0.024726208299398422,-0.03439537063241005,-0.07072413712739944,-0.09904524683952332,-0.09633126854896545,-0.09174098074436188,-0.09060649573802948,-0.09280312061309814,-0.09969184547662735,-0.11276610940694809,-0.1288718730211258,-0.1155063658952713,-0.09783130884170532,-0.08658803254365921,-0.06516218185424805,-0.025543609634041786,-0.00755085377022624,-0.009379716590046883,-0.032446157187223434,-0.051483381539583206
0.0,0.0,-0.2512834072113037,-0.43428388237953186,-0.28271520137786865,-0.2191140502691269,-0.255357563495636,-0.1908903270959854,-0.09462088346481323,-0.04499517008662224,-0.040710221976041794,-0.04041033238172531,-0.025862742215394974,-0.049337487667798996,-0.05675264820456505,-0.039590246975421906,-0.028470618650317192,-0.03914091736078262,-0.04229319840669632,-0.040116749703884125,-0.034825339913368225,-0.03388701006770134,-0.03323997184634209,-0.0313456766307354,-0.03404032438993454,-0.04505831003189087,-0.06437529623508453,-0.04382006824016571,-0.018229471519589424,0.0072929891757667065,-0.012877058237791061,-0.10422103106975555,-0.1447564661502838,-0.1249009445309639,-0.10264969617128372,-0.09417831152677536,-0.10052089393138885,-0.12203125655651093,-0.12832233309745789,-0.13247539103031158,-0.12844333052635193,-0.12296509742736816,-0.113045834004879,-0.09208381175994873,-0.053811538964509964,-0.028416849672794342,-0.030307168141007423,-0.06165814772248268,-0.0810498297214508
0.0,0.004210380837321281,-0.3619031310081482,-0.3394535183906555,-0.266430526971817,-0.3026498556137085,-0.2655892074108124,-0.1644858568906784,-0.07270873337984085,-0.04455176740884781,-0.04828155040740967,-0.042808666825294495,-0.03671516850590706,-0.05717388540506363,-0.06702367961406708,-0.04412082955241203,-0.03126346319913864,-0.031130632385611534,-0.032896120101213455,-0.030316365882754326,-0.02220510132610798,-0.017193671315908432,-0.01848500408232212,-0.012569698505103588,-0.05252619460225105,-0.10764405131340027,-0.08013301342725754,-0.00019235402578487992,0.036263640969991684,0.08046374469995499,0.04444465413689613,-0.10973194986581802,-0.22184139490127563,-0.1611153930425644,-0.11700693517923355,-0.09049172699451447,-0.10390657931566238,-0.1436067521572113,-0.15761078894138336,-0.1493065059185028,-0.13333569467067719,-0.12794838845729828,-0.12831322848796844,-0.12075822055339813,-0.09195752441883087,-0.0599534697830677,-0.05794646218419075,-0.0697149708867073,-0.10897522419691086
-0.013812977820634842,-0.029223719611763954,-0.35532665252685547,-0.21887889504432678,-0.2693002223968506,-0.4512404203414917,-0.2688935697078705,-0.14464902877807617,-0.0685964897274971,-0.058819591999053955,-0.051090870052576065,-0.03962923213839531,-0.035396724939346313,-0.05585727468132973,-0.0624045766890049,-0.04288557544350624,-0.033879250288009644,-0.03153868764638901,-0.03207132965326309,-0.03139379993081093,-0.015607217326760292,0.005846785847097635,-0.001758286147378385,-0.01615113578736782,-0.09472773969173431,-0.14588893949985504,-0.021552594378590584,0.05411670729517937,0.10238973796367645,0.08271627873182297,0.06774086505174637,-0.10784957557916641,-0.24164699018001556,-0.18192431330680847,-0.12475056946277618,-0.0900832861661911,-0.11635392159223557,-0.164192333817482,-0.17736504971981049,-0.15854017436504364,-0.14534395933151245,-0.14250876009464264,-0.13509626686573029,-0.12384258955717087,-0.12017498165369034,-0.0979093462228775,-0.08257346600294113,-0.0911935418844223,-0.11238353699445724
0.0,-0.000488465593662113,-0.30849918723106384,-0.17564654350280762,-0.3052625358104706,-0.5710708498954773,-0.26778444647789,-0.13902558386325836,-0.0807899460196495,-0.06864041835069656,-0.05434655025601387,-0.03704551234841347,-0.030377326533198357,-0.046184979379177094,-0.053625624626874924,-0.03605905920267105,-0.03141750767827034,-0.031489163637161255,-0.0298976618796587,-0.028838541358709335,-0.0031771305948495865,0.03581837937235832,0.01134440116584301,-0.047628920525312424,-0.13611650466918945,-0.14025788009166718,0.060738567262887955,0.05870281532406807,0.0710567831993103,0.05454465001821518,0.004553276114165783,-0.0911523774266243,-0.18234039843082428,-0.16143769025802612,-0.12275782972574234,-0.11372539401054382,-0.14535090327262878,-0.16918545961380005,-0.12727442383766174,-0.136111781001091,-0.1551991105079651,-0.1899522989988327,-0.17988616228103638,-0.14310398697853088,-0.12153974920511246,-0.12453650683164597,-0.11931932717561722,-0.11935658007860184,-0.11299480497837067
0.0,0.0,-0.1751098334789276,-0.23083196580410004,-0.35316386818885803,-0.5469171404838562,-0.2665148973464966,-0.14890480041503906,-0.09709882736206055,-0.07651623338460922,-0.05714729428291321,-0.026641668751835823,-0.019858382642269135,-0.040213096886873245,-0.04681908339262009,-0.02827421762049198,-0.02288026735186577,-0.0287562757730484,-0.030089156702160835,-0.024906856939196587,0.010593132115900517,0.023677343502640724,0.02838308922946453,-0.07605212926864624,-0.14821907877922058,-0.10696335136890411,0.09715141355991364,0.041683685034513474,-0.010104567743837833,0.032869853079319,-0.015716005116701126,-0.0954817458987236,-0.11936117708683014,-0.14533527195453644,-0.16695325076580048,-0.16200211644172668,-0.15022717416286469,-0.13674338161945343,0.018801728263497353,-0.060899585485458374,-0.1250632405281067,-0.25005772709846497,-0.2611598074436188,-0.18792937695980072,-0.14527498185634613,-0.13999493420124054,-0.14105674624443054,-0.1394186019897461,-0.14498627185821533
0.0,0.0,0.0,-0.342365562915802,-0.42327195405960083,-0.43754297494888306,-0.2670714855194092,-0.16795897483825684,-0.11181069165468216,-0.0852404311299324,-0.06383885443210602,-0.026832224801182747,-0.005282777361571789,-0.02613094262778759,-0.035883985459804535,-0.03066824935376644,-0.027784103527665138,-0.035887058824300766,-0.03230639919638634,0.0017598563572391868,0.021599385887384415,-0.028636692091822624,-0.009773099794983864,-0.05964071303606033,-0.06833191961050034,0.014486808329820633,0.09768486022949219,0.051593851298093796,-0.023476222530007362,-0.05658872798085213,-0.05976070463657379,-0.07945334911346436,-0.07514337450265884,-0.12355956435203552,-0.1757998764514923,-0.169342041015625,0.019868137314915657,-0.05705208703875542,0.049879129976034164,0.026043320074677467,-0.06463053822517395,-0.23901793360710144,-0.27195075154304504,-0.2051384598016739,-0.18563127517700195,-0.17920327186584473,-0.16760680079460144,-0.1470777690410614,-0.1552456170320511
0.0,0.0,0.0,-0.20489716529846191,-0.4686782658100128,-0.3582988679409027,-0.2720968425273895,-0.1881389021873474,-0.12753497064113617,-0.08930632472038269,-0.07364290207624435,-0.02488795481622219,-0.0021634201984852552,-0.026896389201283455,-0.03360815346240997,-0.01749075949192047,-0.021766409277915955,-0.02782425284385681,-0.015513649210333824,0.01752658002078533,0.01351682934910059,-0.029228972271084785,0.028857631608843803,0.06490635871887207,0.09826909750699997,0.0801057443022728,0.059336673468351364,0.04565698280930519,0.0,0.0,0.0,0.0,0.0,-0.003778312588110566,0.0,-0.010008043609559536,0.0,-0.023773839697241783,-0.0006584963412024081,0.0003674737527035177,-0.07640940696001053,-0.1530565768480301,-0.10933662950992584,-0.11909431219100952,-0.20533788204193115,-0.25672605633735657,-0.21456044912338257,-0.15604257583618164,-0.1505313664674759
0.0,0.0,0.0,-0.0967596173286438,-0.4361174404621124,-0.2977982461452484,-0.24194668233394623,-0.204706609249115,-0.14811405539512634,-0.10070563107728958,-0.08726703375577927,-0.022088415920734406,-0.0031793839298188686,-0.03919235244393349,-0.03079940937459469,0.0025762547738850117,0.004961262457072735,0.000979365548118949,-0.0011232817778363824,0.013997924514114857,0.0033848118036985397,0.005516055040061474,0.11154571175575256,0.22376102209091187,0.06879513710737228,0.01372566819190979,0.008167886175215244,0.0,0.0,0.0,0.0,0.0,0.0,0.0,0.0,0.0,0.0,-0.013519019819796085,0.016940543428063393,-0.06820011883974075,-0.08859329670667648,-0.06472188979387283,0.12456710636615753,0.019703924655914307,-0.17369107902050018,-0.32726937532424927,-0.26622483134269714,-0.18541987240314484,-0.1611432284116745
0.0,0.0,0.0,-0.0615798756480217,-0.35713309049606323,-0.21574212610721588,-0.19226574897766113,-0.22566497325897217,-0.18094749748706818,-0.1297186315059662,-0.1025565043091774,-0.046078141778707504,0.0029900220688432455,-0.031479548662900925,-0.05067555606365204,-0.012460852973163128,0.03400050103664398,0.04890480637550354,0.028604092076420784,0.005080050323158503,0.02727319486439228,0.08609354496002197,0.1570393443107605,0.1150209903717041,0.0,0.0,0.0,0.0,0.0,0.0,0.0,0.0,0.0,0.0,0.0,0.0,0.0,0.0,0.0,-0.04701080918312073,-0.018814817070961,0.0,0.11999313533306122,0.12601175904273987,-0.09545990079641342,-0.27836865186691284,-0.25672078132629395,-0.1904321014881134,-0.1766609102487564
