currents_20100911.json
{"header": {"parameterCategory":2,"parameterNumber":2,"nx":74,"ny":54,"lo1":27.46,"la1":47.1,"lo2":42.58,"la2":40.43,"dx":0.20712328767123284,"dy":0.12584905660377363,"refTime":"2010-09-11T12:00:00"}, "data":
[rows 22 to 43 of 54, columns 0 to 48 of 74]
0.0,0.0,0.0,0.0,0.0,0.0,-0.05469636619091034,-0.27766138315200806,-0.2055949568748474,-0.14208664000034332,-0.0928100124001503,-0.10170143097639084,-0.13270792365074158,-0.10624465346336365,-0.08232568204402924,-0.0809999480843544,-0.07144110649824142,-0.052466921508312225,-0.03748558461666107,-0.05884021893143654,-0.10293255001306534,-0.15612678229808807,-0.18858110904693604,-0.16661375761032104,-0.10854028165340424,-0.05557088926434517,-0.014710683375597,-0.01993626169860363,-0.08582653850317001,-0.19387322664260864,-0.34483644366264343,-0.321999192237854,-0.3753560483455658,-0.3613390326499939,-0.3488234281539917,-0.3154703378677368,-0.27689850330352783,-0.23636937141418457,-0.20200471580028534,-0.16781631112098694,-0.14577238261699677,-0.11417759954929352,-0.07941745966672897,-0.049105752259492874,-0.03286506235599518,-0.02794789709150791,-0.06600252538919449,-0.12965090572834015,-0.20989437401294708
0.0,0.0,0.0,0.0,0.0,0.0,-0.05190861225128174,-0.17040348052978516,-0.16319279372692108,-0.1463029980659485,-0.12270259112119675,-0.14607477188110352,-0.1252257376909256,-0.09273979812860489,-0.0857328549027443,-0.062287334352731705,-0.040414221584796906,-0.03722626715898514,-0.01038761343806982,-0.01717500574886799,-0.06807738542556763,-0.12848512828350067,-0.18670229613780975,-0.23215331137180328,-0.21418502926826477,-0.15409663319587708,-0.11650872230529785,-0.14096349477767944,-0.2067802995443344,-0.27711647748947144,-0.33208349347114563,-0.42976221442222595,-0.5129091143608093,-0.4930065870285034,-0.41340479254722595,-0.30231234431266785,-0.22800065577030182,-0.20369862020015717,-0.1912740170955658,-0.17025502026081085,-0.17196586728096008,-0.17086873948574066,-0.1522933542728424,-0.1394001543521881,-0.1264544576406479,-0.12141110002994537,-0.13757583498954773,-0.18472038209438324,-0.22830307483673096
0.0,0.0,0.0,0.0,0.0,0.0,-0.013265782035887241,-0.13809986412525177,-0.19462452828884125,-0.22639158368110657,-0.2123708873987198,-0.16253304481506348,-0.10613463819026947,-0.08014136552810669,-0.045437831431627274,-0.006801356561481953,0.02132567949593067,0.03166826441884041,0.02355719916522503,0.022706300020217896,-0.0338682122528553,-0.08930741250514984,-0.14141905307769775,-0.1990545690059662,-0.26140305399894714,-0.28792640566825867,-0.3017377555370331,-0.30680418014526367,-0.3375251293182373,-0.40928491950035095,-0.45175740122795105,-0.48647916316986084,-0.5083219408988953,-0.4421939551830292,-0.32770872116088867,-0.23379555344581604,-0.18585433065891266,-0.17964570224285126,-0.18287494778633118,-0.1733691394329071,-0.17904910445213318,-0.20823533833026886,-0.2123570442199707,-0.2125278264284134,-0.20954342186450958,-0.20490103960037231,-0.20893052220344543,-0.2225896418094635,-0.23587176203727722
0.0,0.0,0.0,0.0,0.0,0.0,-0.13097670674324036,-0.14721252024173737,-0.21210336685180664,-0.22319936752319336,-0.18556594848632812,-0.12622545659542084,-0.08867152035236359,-0.050903111696243286,-0.01174458209425211,0.010738980025053024,0.03155415505170822,0.04785700514912605,0.0517367459833622,0.039733387529850006,-0.012679004110395908,-0.06933023780584335,-0.11640378832817078,-0.14838097989559174,-0.19061969220638275,-0.23331502079963684,-0.2677798867225647,-0.2799453139305115,-0.31439411640167236,-0.381975919008255,-0.41286763548851013,-0.3937150537967682,-0.3461551368236542,-0.2765076160430908,-0.2023831605911255,-0.151236891746521,-0.1272488385438919,-0.13519324362277985,-0.15452167391777039,-0.17164552211761475,-0.18287290632724762,-0.21005849540233612,-0.22926560044288635,-0.2361663281917572,-0.23533059656620026,-0.2282676249742508,-0.21812470257282257,-0.21983030438423157,-0.2282174974679947
0.0,0.0,0.0,0.0,0.0,0.0,-0.17239077389240265,-0.16741198301315308,-0.1919887512922287,-0.1913982331752777,-0.15825964510440826,-0.11197168380022049,-0.0828184112906456,-0.05247199535369873,-0.022478675469756126,-0.008680085651576519,0.008540729992091656,0.024547366425395012,0.03195284307003021,0.017560608685016632,-0.020692938938736916,-0.07128642499446869,-0.08839846402406693,-0.0993640273809433,-0.13591986894607544,-0.16659028828144073,-0.18731625378131866,-0.2110826075077057,-0.2364460974931717,-0.2660517692565918,-0.2802552282810211,-0.2604069709777832,-0.22104094922542572,-0.17044325172901154,-0.12096276134252548,-0.08980611711740494,-0.07262289524078369,-0.077969029545784,-0.11697166413068771,-0.15608429908752441,-0.1819600611925125,-0.2049301266670227,-0.21611632406711578,-0.2170552760362625,-0.20037157833576202,-0.18489256501197815,-0.17430256307125092,-0.17093196511268616,-0.18085458874702454
0.0,0.0,0.0,0.0,0.0,0.0,-0.11260702461004257,-0.20443697273731232,-0.18907134234905243,-0.1737561821937561,-0.14378827810287476,-0.12820197641849518,-0.1097152829170227,-0.0828641876578331,-0.0531923770904541,-0.03945508226752281,-0.03797517344355583,-0.01723073236644268,-0.003010594518855214,-0.013371901586651802,-0.04155454412102699,-0.06857585161924362,-0.054589178413152695,-0.05045996606349945,-0.07327229529619217,-0.12197582423686981,-0.1563594490289688,-0.17969655990600586,-0.1932455152273178,-0.2079039365053177,-0.21350346505641937,-0.2081117033958435,-0.17863015830516815,-0.13974054157733917,-0.09222739934921265,-0.05324957147240639,-0.035451825708150864,-0.03676812723278999,-0.07921627908945084,-0.13162162899971008,-0.16884543001651764,-0.18440772593021393,-0.19675765931606293,-0.18337328732013702,-0.16170303523540497,-0.12320170551538467,-0.09411168843507767,-0.0775565356016159,-0.07086221873760223
0.0,0.0,0.0,0.0,0.0,0.0,-0.09211478382349014,-0.21501007676124573,-0.20241138339042664,-0.1807936429977417,-0.18300873041152954,-0.18127048015594482,-0.15468613803386688,-0.12325578927993774,-0.10428357124328613,-0.09345041215419769,-0.10295642167329788,-0.08013111352920532,-0.05228029564023018,-0.05949164927005768,-0.06727448105812073,-0.055716514587402344,-0.03735756874084473,-0.047154754400253296,-0.055924054235219955,-0.0813087448477745,-0.12165220826864243,-0.13704133033752441,-0.1410922408103943,-0.14074251055717468,-0.1533368080854416,-0.15187767148017883,-0.13316123187541962,-0.11580788344144821,-0.09098989516496658,-0.05833875760436058,-0.03811904042959213,-0.03647700697183609,-0.0534789003431797,-0.0957818329334259,-0.1339741349220276,-0.15638667345046997,-0.1598092019557953,-0.16244296729564667,-0.14615674316883087,-0.09762962907552719,-0.039727549999952316,0.015603352338075638,0.03691717982292175
0.0,0.0,0.0,0.0,0.0,0.0,-0.2498810887336731,-0.19791853427886963,-0.1828361600637436,-0.2116233855485916,-0.2268265187740326,-0.21260753273963928,-0.1893172264099121,-0.16172464191913605,-0.15450440347194672,-0.14934879541397095,-0.15571875870227814,-0.14326468110084534,-0.11150173842906952,-0.10905260592699051,-0.08850125223398209,-0.038113825023174286,-0.029685476794838905,-0.04840737581253052,-0.0629313513636589,-0.07847880572080612,-0.0931854099035263,-0.08702059835195541,-0.07256797701120377,-0.06875290721654892,-0.0741392970085144,-0.07512789964675903,-0.06895038485527039,-0.05877972021698952,-0.06399078667163849,-0.0603175088763237,-0.045493368059396744,-0.0352533757686615,-0.03235960006713867,-0.05038835480809212,-0.08112572878599167,-0.11044325679540634,-0.13190551102161407,-0.12928907573223114,-0.12571625411510468,-0.09398018568754196,-0.04095659404993057,0.04074898734688759,0.08969252556562424
0.0,0.0,0.0,-0.03696899116039276,-0.12146150320768356,-0.369624525308609,-0.326136976480484,-0.1850804090499878,-0.19668392837047577,-0.21334657073020935,-0.18940967321395874,-0.16684827208518982,-0.1637812703847885,-0.17670409381389618,-0.18146489560604095,-0.20247037708759308,-0.20009911060333252,-0.18816900253295898,-0.16871441900730133,-0.14666685461997986,-0.09977120161056519,-0.05305076017975807,-0.051293984055519104,-0.05334542691707611,-0.06893787533044815,-0.07492740452289581,-0.06760609894990921,-0.049868144094944,-0.03722383826971054,-0.03217396140098572,-0.01697266846895218,-0.01169419102370739,-0.014198527671396732,-0.023811666294932365,-0.02954700030386448,-0.041232604533433914,-0.04328767955303192,-0.02299220860004425,0.0019676999654620886,0.00041112254257313907,-0.029164157807826996,-0.05741695314645767,-0.08559655398130417,-0.10595862567424774,-0.10520581156015396,-0.08614414185285568,-0.041582390666007996,0.004451591055840254,0.05089588835835457
0.0,0.0,0.0,-0.20280419290065765,-0.40819910168647766,-0.4402022361755371,-0.2526359558105469,-0.18081849813461304,-0.19818775355815887,-0.17005161941051483,-0.12707631289958954,-0.11356718093156815,-0.11868128180503845,-0.1472264975309372,-0.1890879124403,-0.2186722755432129,-0.24994903802871704,-0.24316807091236115,-0.22094815969467163,-0.17497609555721283,-0.10039031505584717,-0.06135327368974686,-0.04500593990087509,-0.04278535023331642,-0.05079583078622818,-0.043711524456739426,-0.028979603201150894,-0.03507538512349129,-0.013536205515265465,-0.002779599279165268,-0.0011314577423036098,-0.001219318131916225,-0.004343882668763399,-0.005095374770462513,-0.011975420638918877,-0.009221242740750313,-0.016573205590248108,-0.006012347061187029,0.022937502712011337,0.033557772636413574,0.011857722885906696,-0.011100231669843197,-0.04453737661242485,-0.06968864798545837,-0.08462415635585785,-0.08201362937688828,-0.06776229292154312,-0.03089393489062786,-0.0038637930992990732
0.0,0.0,-0.03861696273088455,-0.20292538404464722,-0.2516588270664215,-0.2345125526189804,-0.17322491109371185,-0.170282781124115,-0.15911924839019775,-0.11813577264547348,-0.09464225172996521,-0.09020310640335083,-0.08757010102272034,-0.10128556191921234,-0.1551993191242218,-0.2062169909477234,-0.22673377394676208,-0.24002668261528015,-0.21437805891036987,-0.14755870401859283,-0.07884494960308075,-0.0483311302959919,-0.042713094502687454,-0.03710255026817322,-0.03192752227187157,-0.021421343088150024,-0.005106823053210974,0.008056089282035828,0.01155576016753912,0.01711249351501465,0.01840532012283802,0.007376646623015404,0.0032087983563542366,0.003138900501653552,-0.0013413447886705399,0.0037290945183485746,0.011556858196854591,0.024224545806646347,0.0308214258402586,0.04152330756187439,0.03976110741496086,0.020749298855662346,-0.009064127691090107,-0.03935381770133972,-0.06674422323703766,-0.07866931706666946,-0.07792042195796967,-0.060888901352882385,-0.040510695427656174
0.0,0.0,0.00869178120046854,-0.11952687799930573,-0.08889405429363251,-0.09997519105672836,-0.1285627782344818,-0.1521562933921814,-0.12212201952934265,-0.08947993814945221,-0.07874014228582382,-0.07788630574941635,-0.07427404075860977,-0.07040359079837799,-0.10487975925207138,-0.16448858380317688,-0.2021540254354477,-0.171023890376091,-0.13567595183849335,-0.09634367376565933,-0.07980415970087051,-0.07508434355258942,-0.060305699706077576,-0.042515743523836136,-0.020369498059153557,-0.005371211562305689,0.009818787686526775,0.015918588265776634,0.022510219365358353,0.018923336640000343,0.032034941017627716,0.02339128963649273,0.013857001438736916,0.00741939852014184,-0.003721685614436865,-0.006851997226476669,0.011406021192669868,0.031528543680906296,0.05408971384167671,0.057324811816215515,0.060439251363277435,0.04900683835148811,0.02121575176715851,-0.014395073987543583,-0.041487302631139755,-0.0664113238453865,-0.07450691610574722,-0.08452437818050385,-0.07363348454236984
0.0,0.0,-0.02394385263323784,-0.03764507174491882,-0.011163069866597652,-0.04824056103825569,-0.11969894915819168,-0.1343926638364792,-0.09777434915304184,-0.07491740584373474,-0.06589837372303009,-0.06696047633886337,-0.0688839703798294,-0.07002542912960052,-0.08107779175043106,-0.11302049458026886,-0.14934241771697998,-0.16255705058574677,-0.14369523525238037,-0.11557412892580032,-0.08613292127847672,-0.0685785636305809,-0.05515623837709427,-0.03246823698282242,-0.007504400797188282,0.00979925598949194,0.013894570991396904,0.003920671995729208,0.019231466576457024,0.046482909470796585,0.06891094148159027,0.060553163290023804,0.03484563156962395,0.018609222024679184,0.01139531284570694,0.016588209196925163,0.0279945470392704,0.036882054060697556,0.04804077371954918,0.0680788978934288,0.08133314549922943,0.0725426971912384,0.053331051021814346,0.019606146961450577,-0.0142142279073596,-0.04476214200258255,-0.0620541051030159,-0.07964292913675308,-0.08026088774204254
0.0,-0.004236204084008932,-0.04042069986462593,-0.04274776577949524,-0.062271155416965485,-0.12825465202331543,-0.1355823427438736,-0.11412861943244934,-0.08121464401483536,-0.058045122772455215,-0.05288497731089592,-0.05799514427781105,-0.06688536703586578,-0.07946643233299255,-0.08268789201974869,-0.09268027544021606,-0.1098710149526596,-0.12059909105300903,-0.10068351030349731,-0.07419715821743011,-0.05214405059814453,-0.03187382221221924,-0.02281045913696289,-0.0028569537680596113,0.017350682988762856,-0.005227121524512768,-0.047937918454408646,0.0203291904181242,0.11082049459218979,0.17592258751392365,0.17438896000385284,0.11852238327264786,0.07893802970647812,0.045838553458452225,0.0392550528049469,0.055892568081617355,0.07093212753534317,0.06816326826810837,0.05599023401737213,0.06022043526172638,0.08534420281648636,0.10543102025985718,0.09638909995555878,0.06542811542749405,0.02005409263074398,-0.013331503607332706,-0.042352523654699326,-0.05644841492176056,-0.07253943383693695
0.0,-0.08741633594036102,-0.141521617770195,-0.07265126705169678,-0.14961141347885132,-0.1748785823583603,-0.1250789761543274,-0.08837869763374329,-0.06316632777452469,-0.06335387378931046,-0.07433775812387466,-0.07288119941949844,-0.0693935751914978,-0.08623948693275452,-0.0873982310295105,-0.08106894791126251,-0.08040331304073334,-0.08234605938196182,-0.07297734171152115,-0.07086145877838135,-0.059851862490177155,-0.03955934941768646,-0.021758031100034714,-0.010115241631865501,-0.031401995569467545,-0.06288684159517288,-0.01489702146500349,0.05158071219921112,0.09441634267568588,0.14447970688343048,0.16961199045181274,0.13208159804344177,0.0856342688202858,0.07212334871292114,0.0710989236831665,0.08576921373605728,0.09938392043113708,0.10002639144659042,0.09066566079854965,0.0911010280251503,0.0921831876039505,0.10062585771083832,0.12578941881656647,0.12340322881937027,0.08119194954633713,0.03217174857854843,0.0023123554419726133,-0.02854681946337223,-0.046025656163692474
-0.01384418923407793,0.029551628977060318,-0.019407205283641815,-0.07076004892587662,-0.15816374123096466,-0.11988218873739243,-0.08380257338285446,-0.06018446013331413,-0.06235582381486893,-0.08008908480405807,-0.09572238475084305,-0.09909074008464813,-0.09693678468465805,-0.09368299692869186,-0.07963989675045013,-0.0669761672616005,-0.06648871302604675,-0.06670264154672623,-0.06177251785993576,-0.05329861119389534,-0.04507194086909294,-0.03050735965371132,-0.007042480632662773,-0.015478137880563736,-0.0678098127245903,-0.07521910220384598,-0.014697730541229248,-0.007835695520043373,-0.019580110907554626,-0.02845456823706627,-0.01139023806899786,0.022029755637049675,0.04253546521067619,0.049759116023778915,0.06079816818237305,0.05416639521718025,0.06347967684268951,0.10390917956829071,0.13010799884796143,0.15796831250190735,0.1718750298023224,0.1453343778848648,0.12158399075269699,0.1406124383211136,0.14240498840808868,0.10032452642917633,0.05304539203643799,0.010005341842770576,-0.018492894247174263
0.0,0.0,-0.01572597026824951,-0.046056970953941345,-0.060573846101760864,-0.031828563660383224,-0.027681879699230194,-0.039935365319252014,-0.05872463434934616,-0.07621758431196213,-0.08517902344465256,-0.0899411216378212,-0.10181877762079239,-0.10975958406925201,-0.10618474334478378,-0.09397462010383606,-0.08244498074054718,-0.06924082338809967,-0.056550152599811554,-0.044533420354127884,-0.029473887756466866,0.0013803966576233506,0.009440175257623196,-0.019312094897031784,-0.06628929823637009,-0.0547560416162014,-0.019117482006549835,-0.057092227041721344,-0.1458839625120163,-0.17690886557102203,-0.1901310682296753,-0.11068285256624222,-0.025344109162688255,0.020805582404136658,0.008679978549480438,-0.03205119073390961,-0.025898009538650513,0.019756676629185677,0.13032719492912292,0.2675074338912964,0.32080334424972534,0.2628200054168701,0.1703285425901413,0.14585433900356293,0.14576999843120575,0.13204342126846313,0.09773243963718414,0.05777031183242798,0.006735071074217558
0.0,0.0,0.05260424688458443,0.0042075105011463165,0.04897798225283623,0.05731722339987755,0.0302420724183321,-0.011202351190149784,-0.03719116002321243,-0.05325658619403839,-0.06928502023220062,-0.07522478699684143,-0.06256239861249924,-0.04716844856739044,-0.05163884162902832,-0.06256092339754105,-0.06321080029010773,-0.056927390396595,-0.05657299607992172,-0.047534387558698654,-0.03325005993247032,-0.0302217286080122,-0.10126335173845291,-0.13735847175121307,-0.10081249475479126,-0.020932858809828758,-0.023165114223957062,-0.11589517444372177,-0.2490413933992386,-0.33445701003074646,-0.29010888934135437,-0.2204255759716034,-0.15589579939842224,-0.12268925458192825,-0.12527503073215485,-0.14784285426139832,-0.25001177191734314,-0.1853621006011963,0.058347806334495544,0.1778331995010376,0.29056066274642944,0.29595211148262024,0.21734701097011566,0.18492943048477173,0.17621703445911407,0.14172722399234772,0.1167391836643219,0.08264563977718353,0.04769209027290344
0.0,0.0,0.0,0.08176084607839584,0.04855071380734444,0.13404779136180878,0.0976225808262825,0.043974947184324265,0.008274419233202934,-0.01595122553408146,-0.03199968487024307,-0.04292222112417221,-0.05430489778518677,-0.03617655113339424,-0.022919928655028343,-0.017171399667859077,-0.03563651815056801,-0.05569629743695259,-0.057526156306266785,-0.02779771201312542,-0.009232196025550365,-0.0727757066488266,-0.15292450785636902,-0.16228191554546356,-0.060101401060819626,-0.014270320534706116,-0.09315932542085648,-0.19977940618991852,-0.2579849660396576,-0.35758960247039795,-0.4037064015865326,-0.3807450234889984,-0.37894609570503235,-0.35941556096076965,-0.3159317672252655,-0.1764223426580429,-0.10672064870595932,-0.08661403506994247,-0.013347812928259373,-0.030315471813082695,0.006829689722508192,0.07627678662538528,0.15717126429080963,0.234411358833313,0.23312558233737946,0.17941096425056458,0.12245778739452362,0.09464866667985916,0.075822614133358
0.0,0.0,0.0,0.00072251888923347,0.06339451670646667,0.1817242056131363,0.17401482164859772,0.11380981653928757,0.06040911003947258,0.020222464576363564,-0.002947838744148612,-0.0025895286817103624,-0.008490274660289288,-0.030575286597013474,-0.029721038416028023,0.010816261172294617,0.022833548486232758,0.00962535385042429,0.01597321778535843,0.01932595856487751,-0.017250584438443184,-0.058761682361364365,-0.039652444422245026,-0.007215194404125214,0.008893945254385471,-0.07727780193090439,-0.1506175994873047,-0.1050296202301979,0.0,0.0,0.0,0.0,0.0,-0.03574786335229874,0.0,-0.08062123507261276,0.0,-0.017291579395532608,-0.06865519285202026,-0.16037814319133759,-0.26040077209472656,-0.1575240194797516,0.11408708989620209,0.3081972599029541,0.346915066242218,0.2418164163827896,0.15806593000888824,0.12261036038398743,0.10228556394577026
0.0,0.0,0.0,-0.012156887911260128,0.05027855560183525,0.11529158800840378,0.16799335181713104,0.16330477595329285,0.11369496583938599,0.05732684209942818,0.025394534692168236,0.026949254795908928,0.017095692455768585,-0.004696513060480356,0.0033954004757106304,0.05647224560379982,0.08181791752576828,0.09980443865060806,0.07167293131351471,0.03375590592622757,-0.051907338201999664,-0.027097346261143684,0.022715527564287186,0.004184327553957701,-0.054371125996112823,-0.026898717507719994,-0.016366424039006233,0.0,0.0,0.0,0.0,0.0,0.0,0.0,0.0,0.0,0.0,-0.024148989468812943,-0.1576184779405594,-0.12178783118724823,-0.1790848821401596,-0.1788608282804489,-0.10479208827018738,0.07840824127197266,0.19999955594539642,0.2258695513010025,0.181727334856987,0.15864220261573792,0.1364835649728775
0.0,0.0,0.0,0.055705536156892776,-0.06508391350507736,-0.021243317052721977,0.07377118617296219,0.1451176404953003,0.15142837166786194,0.11483018100261688,0.07798703759908676,0.032142769545316696,0.023020736873149872,0.03644692152738571,0.024264704436063766,0.02672189474105835,0.07837776094675064,0.10862317681312561,0.07206963002681732,0.020554808899760246,-0.018180619925260544,-0.011831636540591717,-0.06258510053157806,-0.026804205030202866,0.0,0.0,0.0,0.0,0.0,0.0,0.0,0.0,0.0,0.0,0.0,0.0,0.0,0.0,0.0,-0.17162857949733734,-0.08404737710952759,0.0,-0.09061332792043686,-0.09443771094083786,-0.0483878031373024,0.04382046312093735,0.1304028332233429,0.172171488404274,0.1764589548110962
