currents_20100915.json
{"header": {"parameterCategory":2,"parameterNumber":2,"nx":74,"ny":54,"lo1":22.5,"la1":41.2,"lo2":27.0,"la2":38.2,"dx":0.06164383561643835,"dy":0.05660377358490566,"refTime":"2010-09-15T12:00:00"}, "data":
[rows 21 to 41 of 54, columns 0 to 46 of 74]
0.0,0.0,0.010156680829823017,0.024510590359568596,0.03231428936123848,0.021275995299220085,-0.0036114249378442764,-0.04126811400055885,-0.046916693449020386,-0.05154773220419884,-0.03452616184949875,-0.0010572480969130993,0.0417829267680645,0.04701894894242287,0.0652516707777977,0.023546526208519936,0.018967164680361748,-0.0013007402885705233,-0.004135216120630503,0.005710340570658445,0.016900287941098213,0.014073089696466923,-0.006759535055607557,0.0,0.0,-0.06491279602050781,-0.08366966992616653,-0.07957398891448975,-0.08349987864494324,-0.09238965064287186,-0.1929735243320465,-0.2890411615371704,-0.34076428413391113,-0.34487298130989075,-0.3543989360332489,-0.24952878057956696,-0.23612011969089508,-0.17870834469795227,-0.19443202018737793,-0.21209652721881866,-0.20494595170021057,-0.14921806752681732,-0.10708193480968475,-0.08719238638877869,-0.0884147509932518,-0.09825789928436279,-0.1698649674654007
0.0,0.0,0.0018377071246504784,0.0024545371998101473,-0.000405244471039623,-0.006513227708637714,-0.028804004192352295,-0.07720150798559189,-0.10286952555179596,-0.1257108747959137,-0.13066762685775757,-0.10128279775381088,-0.03522645682096481,0.015496023930609226,0.05798422172665596,0.07115064561367035,0.023771189153194427,0.0,0.0004391913826111704,0.0004391913826111704,0.022249514237046242,0.008565536700189114,-0.036035485565662384,-0.004153501708060503,-0.05241169035434723,-0.13904184103012085,-0.22673070430755615,-0.2138509899377823,-0.198471337556839,-0.19779713451862335,-0.23467190563678741,-0.23296873271465302,-0.22744740545749664,-0.20200081169605255,-0.1600528508424759,-0.12855815887451172,-0.15359435975551605,-0.19091321527957916,-0.226133331656456,-0.23324395716190338,-0.1847616732120514,-0.09309431165456772,-0.017496293410658836,-0.007464262656867504,-0.007557171396911144,-0.007557171396911144,-0.007557171396911144
0.0,0.0,0.0,1.6895777662284672e-05,-0.00047005381202325225,0.018336499109864235,2.4228233087342232e-05,-0.04227866604924202,-0.07118764519691467,-0.0685277059674263,-0.06904502958059311,-0.10481806844472885,-0.09496478736400604,-0.09323559701442719,-0.0543958805501461,-0.04026198387145996,-0.07664602994918823,-0.10162802040576935,-0.13115055859088898,-0.15241320431232452,-0.15529686212539673,-0.18580512702465057,-0.2152353823184967,-0.22263410687446594,-0.2343599945306778,-0.30420899391174316,-0.3851795494556427,-0.36701154708862305,-0.33716481924057007,-0.3099297285079956,-0.24227330088615417,-0.20094424486160278,-0.18649332225322723,-0.16064953804016113,-0.11245127767324448,-0.08574400097131729,-0.11112432926893234,-0.1674867570400238,-0.2156628519296646,-0.18989376723766327,-0.13614590466022491,-0.06736386567354202,-0.010032030753791332,0.0,0.0,0.0,0.0
0.0,0.0,0.0,0.0,0.00015777029329910874,0.019852399826049805,0.010762021876871586,-0.005578694865107536,-0.03593099117279053,-0.03816760331392288,-0.0998561829328537,-0.1595643162727356,-0.20925544202327728,-0.19070203602313995,-0.16075147688388824,-0.16606637835502625,-0.20768538117408752,-0.21666628122329712,-0.24618881940841675,-0.2816842496395111,-0.32815778255462646,-0.3385903239250183,-0.2992478311061859,-0.2996175289154053,-0.3113434314727783,-0.36174872517585754,-0.4605661928653717,-0.45142871141433716,-0.3942476809024811,-0.3239455819129944,-0.24750342965126038,-0.19898280501365662,-0.17031130194664001,-0.14192074537277222,-0.09855075925588608,-0.07434894889593124,-0.0997292771935463,-0.1159362867474556,-0.1727348119020462,-0.1455589085817337,-0.16181884706020355,-0.09303682297468185,-0.0552971214056015,-0.05326343700289726,-0.030186370015144348,-0.030186370015144348,-0.0349620021879673
0.0,0.0,0.0,0.0,0.0,0.0007024717051535845,0.006350252311676741,0.02520895004272461,-0.014906494878232479,-0.0671180710196495,-0.15075136721134186,-0.28368836641311646,-0.305479496717453,-0.2847657799720764,-0.2619199752807617,-0.3115472197532654,-0.3404604494571686,-0.3420880436897278,-0.3368440270423889,-0.37907662987709045,-0.38505038619041443,-0.3457970917224884,-0.26378631591796875,-0.18117134273052216,-0.1994049996137619,-0.2864091396331787,-0.42306599020957947,-0.4414580464363098,-0.3895860016345978,-0.31617510318756104,-0.24680787324905396,-0.21000562608242035,-0.17831072211265564,-0.1471671760082245,-0.11256618797779083,-0.09165274351835251,-0.06320400536060333,-0.04994075372815132,-0.09848029911518097,-0.15157000720500946,-0.18453577160835266,-0.1904734969139099,-0.17514833807945251,-0.15614603459835052,-0.12762074172496796,-0.10110986232757568,-0.12283511459827423
0.0,0.0,0.0,0.0,0.0,0.0,0.0072057414799928665,0.04036988690495491,0.020554538816213608,-0.004315848927944899,-0.07781734317541122,-0.20657585561275482,-0.2297181636095047,-0.21348533034324646,-0.19437623023986816,-0.19427359104156494,-0.19756264984607697,-0.1740632802248001,-0.15427638590335846,-0.1419822871685028,-0.09919966012239456,-0.056328389793634415,-0.003255734220147133,0.02765139751136303,-0.0016657825326547027,-0.09027469903230667,-0.21466580033302307,-0.31751933693885803,-0.2863686978816986,-0.26030322909355164,-0.19573809206485748,-0.1412377953529358,-0.10315123945474625,-0.0701170265674591,-0.07017596065998077,-0.07728997617959976,-0.07814545184373856,-0.06997592002153397,-0.04136327654123306,-0.0666300430893898,-0.10290137678384781,-0.14714469015598297,-0.16908198595046997,-0.16807974874973297,-0.19391945004463196,-0.18994148075580597,-0.20810076594352722
0.0,0.0,0.0,0.0,0.0,0.0,0.008431528694927692,0.04190205782651901,0.0303083173930645,0.027981657534837723,0.03360653296113014,-0.07557152211666107,-0.10112215578556061,-0.13360990583896637,-0.11450081318616867,-0.10432107746601105,-0.09510429948568344,-0.0728861391544342,-0.06416209787130356,-0.035714853554964066,0.018982194364070892,0.06499150395393372,0.10712829977273941,0.12025579065084457,0.12594278156757355,0.04951363801956177,-0.011531285010278225,-0.11706720292568207,-0.14595861732959747,-0.17959146201610565,-0.12372525036334991,-0.07030070573091507,-0.0346355177462101,-0.031971514225006104,-0.037597253918647766,-0.07434737682342529,-0.07520285248756409,-0.060933176428079605,-0.022893162444233894,-0.046894434839487076,-0.032774683088064194,-0.07701799273490906,-0.11184879392385483,-0.13837930560112,-0.16421900689601898,-0.18934409320354462,-0.20482216775417328
0.0,0.0,0.0,0.0,0.0,0.0,0.008431528694927692,0.03044789656996727,0.05696561187505722,0.0823749378323555,0.09767065197229385,0.09759139269590378,0.045439548790454865,0.007676197215914726,-0.01937481388449669,-0.041274722665548325,-0.04834086075425148,-0.047649726271629333,-0.04433736577630043,-0.03913469985127449,-0.007178408093750477,0.03812912479043007,0.08621653914451599,0.11680495738983154,0.14444950222969055,0.16109900176525116,0.15761978924274445,0.08280057460069656,0.008604534901678562,-0.038059405982494354,-0.03488697484135628,-0.0057015554048120975,-0.00035394987207837403,-0.006967698223888874,-0.015564627014100552,-0.05874020978808403,-0.07937085628509521,-0.07789339125156403,-0.052827998995780945,-0.013871501199901104,0.00508498027920723,0.004059949424117804,-0.02011665515601635,-0.04702433571219444,-0.07554122060537338,-0.10048679262399673,-0.1127312108874321
0.0,0.0,0.0,0.0,0.0,0.0,0.008431528694927692,0.00936871487647295,0.011289248242974281,0.10113567113876343,0.1557481437921524,0.18001343309879303,0.16002507507801056,0.1493835598230362,0.1411021649837494,0.1134847030043602,0.08633009344339371,0.08047103136777878,0.04746848717331886,0.027098964899778366,0.028914043679833412,0.06768450140953064,0.08396635949611664,0.09305796027183533,0.11548137664794922,0.13175566494464874,0.1365555077791214,0.12384520471096039,0.11520995199680328,0.08126965165138245,0.024301890283823013,0.010397698730230331,0.014352548867464066,0.007024385500699282,0.0035821814090013504,-0.03027167171239853,-0.05646416172385216,-0.06669850647449493,-0.057137392461299896,-0.03295884653925896,-0.021270781755447388,-0.0006784296710975468,-0.01888788677752018,-0.015197265893220901,-0.03669552132487297,-0.02959834225475788,-0.03551573306322098
0.0,0.0,0.0,0.0,0.0,0.0,0.0,0.0,0.0,0.08083465695381165,0.11451798677444458,0.16255611181259155,0.1989610344171524,0.22082756459712982,0.2125461846590042,0.20218725502490997,0.18741361796855927,0.15625353157520294,0.12103056162595749,0.08836726099252701,0.07305251061916351,0.08281582593917847,0.07709812372922897,0.07191338390111923,0.06492416560649872,0.08119845390319824,0.10053116083145142,0.1278792917728424,0.13819359242916107,0.1043524518609047,0.05879160389304161,0.03863026946783066,0.022622330114245415,0.01737690344452858,0.01831693947315216,-0.007475125603377819,-0.0361427366733551,-0.0540156327188015,-0.055518340319395065,-0.04288707301020622,-0.038630109280347824,-0.018037758767604828,-0.0248723104596138,-0.016777051612734795,-0.0016387705691158772,0.01279282197356224,0.021559979766607285
0.0,0.0,0.0,0.0,0.0,0.0,0.0,0.0,0.0,0.0,0.018349111080169678,0.07506589591503143,0.1348319798707962,0.18391568958759308,0.21922741830348969,0.23692166805267334,0.22878776490688324,0.20631328225135803,0.16790080070495605,0.12906873226165771,0.10846280306577682,0.08264659345149994,0.05782320350408554,0.0322977714240551,0.016324523836374283,0.015475801192224026,0.03394729271531105,0.07647212594747543,0.1021098867058754,0.10195646435022354,0.06875430047512054,0.04178241640329361,0.025658737868070602,0.02100275829434395,0.026001036167144775,0.009623462334275246,-0.020362932235002518,-0.04725745692849159,-0.05320478230714798,-0.0385003387928009,-0.03270307555794716,-0.03475719690322876,-0.026569567620754242,-0.013852868229150772,0.0003819480480160564,0.020707689225673676,0.053301941603422165
0.0,0.0,0.0,0.0,0.0,0.0,0.0,0.0,0.0,0.0,0.018349111080169678,0.021019672974944115,0.06998701393604279,0.12075064331293106,0.1626376509666443,0.18433627486228943,0.18709629774093628,0.18462225794792175,0.15793175995349884,0.13738688826560974,0.10715825855731964,0.06019457057118416,0.021878547966480255,-0.02601243183016777,-0.05335388705134392,-0.05771796777844429,0.009351123124361038,0.013381260447204113,0.02020450308918953,0.013396106660366058,0.01943156309425831,0.025356248021125793,0.007119191810488701,0.0013721116119995713,-0.012248585931956768,-0.0018860819982364774,-0.0251447893679142,-0.03810613229870796,-0.048051584511995316,-0.03721451386809349,-0.020353183150291443,-0.010860302485525608,0.008661341853439808,0.021938271820545197,0.030788319185376167,0.04538930580019951,0.05129575356841087
0.0,0.0,0.0,0.0,0.0,0.0,0.0006085961940698326,0.0009297678479924798,0.003425536211580038,0.007162208668887615,0.0064271301962435246,0.0,0.0403384305536747,0.054134443402290344,0.09602145105600357,0.1145334243774414,0.12521684169769287,0.13108360767364502,0.1182616800069809,0.10476452857255936,0.07889929413795471,0.03193560242652893,0.009199442341923714,-0.022496052086353302,-0.003235568990930915,-0.060902729630470276,-0.014009294100105762,-0.029925905168056488,-0.06312057375907898,-0.07504089921712875,-0.048317719250917435,-0.03918710723519325,-0.05893579125404358,-0.044405218213796616,-0.03884121775627136,-0.016873596236109734,-0.021269189193844795,-0.029467271640896797,-0.03965488076210022,-0.035680681467056274,-0.02004622109234333,0.002058819867670536,0.03103768453001976,0.05687572807073593,0.06572577357292175,0.07042533159255981,0.0608639158308506
0.0,0.0,0.0,0.0,0.0,-0.0003961108741350472,0.00021248530538287014,0.001412970945239067,0.009909240528941154,0.018617795780301094,0.019536565989255905,-0.0001277228002436459,0.0016415733844041824,0.012491850182414055,0.022674035280942917,0.03589845076203346,0.055224839597940445,0.06548359245061874,0.05682925507426262,0.04859428480267525,0.028460266068577766,0.02196406200528145,0.023704634979367256,0.0324857234954834,0.0670364499092102,0.03597957640886307,-0.041014015674591064,-0.09414278715848923,-0.12165696173906326,-0.130545973777771,-0.12230492383241653,-0.11083585768938065,-0.13387323915958405,-0.12225796282291412,-0.05598990246653557,-0.024570537731051445,-0.020227666944265366,-0.02628718689084053,-0.03472333773970604,-0.032918885350227356,-0.019281376153230667,-0.0001853238500189036,0.03899083659052849,0.06885676085948944,0.08707328885793686,0.08768721669912338,0.06288128346204758
0.0,0.0,0.0,0.0,0.0,-0.002233718289062381,-0.0027562780305743217,-0.0031877458095550537,-0.01537120807915926,-0.02275385521352291,-0.032407715916633606,0.011692370288074017,0.005045701749622822,0.006288215052336454,-0.0021109094377607107,-0.02521573193371296,0.014714068733155727,0.03203491494059563,0.012294141575694084,0.0006856268155388534,0.0026674638502299786,0.009250210598111153,0.007683109492063522,0.008433469571173191,-0.007941524498164654,-0.06880944967269897,-0.061380110681056976,-0.11108188331127167,-0.11558711528778076,-0.11727696657180786,-0.1555309295654297,-0.17569173872470856,-0.15405037999153137,-0.07855916023254395,-0.054666668176651,-0.04792824387550354,-0.05113513767719269,-0.05595294386148453,-0.05796993523836136,-0.05017996206879616,-0.03651878610253334,-0.027319513261318207,-0.0128662483766675,0.007705752272158861,0.025690311565995216,0.029052944853901863,0.02975957840681076
0.0,0.0,0.0,0.0,0.0,-0.002233718289062381,-0.0022975762840360403,-0.002409951062873006,-0.00459785433486104,-0.019109096378087997,-0.023099351674318314,0.007752381730824709,0.004438587464392185,-0.0006071142270229757,-0.014505000784993172,-0.024437865242362022,-0.03182855248451233,-0.019425341859459877,-0.0006429146160371602,-0.007195021957159042,-0.004667281173169613,0.001915465691126883,0.0034493000712245703,-0.030197471380233765,-0.07329033315181732,-0.10115624219179153,-0.07953236997127533,-0.09203407168388367,-0.0677846372127533,-0.13124066591262817,-0.15950457751750946,-0.15711772441864014,-0.12833966314792633,-0.08387655764818192,-0.0740874633193016,-0.08174601197242737,-0.08989860117435455,-0.0897221714258194,-0.09214890003204346,-0.09306072443723679,-0.08275245875120163,-0.0915442407131195,-0.0886736735701561,-0.07302577048540115,-0.05632279813289642,-0.04232240468263626,-0.029086390510201454
0.0,0.0,0.0,0.0,0.0,0.0,0.0,7.049893611110747e-05,0.004637812729924917,0.002328197006136179,0.0008920671534724534,0.0008920671534724534,-5.990454155835323e-05,-0.00345689058303833,-0.007202282082289457,0.005370918195694685,-0.02676401473581791,-0.024268396198749542,-0.0060091339983046055,-0.004446866922080517,-0.0042106034234166145,0.0026315192226320505,0.007494136691093445,-0.0636398121714592,-0.1164979487657547,-0.11469709128141403,-0.0766773596405983,-0.02034050226211548,-0.09228707104921341,-0.1394791305065155,-0.1351768523454666,-0.08509839326143265,-0.06126142293214798,-0.07087836414575577,-0.09925302863121033,-0.12143431603908539,-0.1268443614244461,-0.12909390032291412,-0.1327558308839798,-0.13973554968833923,-0.1509418785572052,-0.16370895504951477,-0.17111122608184814,-0.1679239422082901,-0.15122096240520477,-0.12937389314174652,-0.10594707727432251
0.0,0.0,0.0,0.0,0.0,0.0,0.0,7.049893611110747e-05,0.001165032503195107,-0.0033287641126662493,-0.00483919819816947,0.005480583291500807,0.0017057436052709818,0.005076943431049585,0.010020958259701729,0.034907761961221695,0.008897609077394009,-0.00043557293247431517,-0.010680743493139744,-0.026104900985956192,-0.038705870509147644,-0.043258532881736755,-0.0506373755633831,-0.10501886904239655,-0.12174569815397263,-0.09002789109945297,-0.04011291638016701,-0.020189810544252396,-0.0511666014790535,-0.058933842927217484,-0.0598490908741951,-0.04755907505750656,-0.04268166795372963,-0.07198914140462875,-0.11238735169172287,-0.1495276838541031,-0.16235238313674927,-0.17248483002185822,-0.1780892014503479,-0.18555423617362976,-0.19639502465724945,-0.2084285318851471,-0.2236870527267456,-0.23449386656284332,-0.22396835684776306,-0.20594947040081024,-0.17011189460754395
0.0,0.0,0.0,0.0,0.0,0.0,0.0,-0.0005619320436380804,-0.02414310909807682,-0.029550420120358467,-0.0015137671725824475,0.003441325156018138,0.0019587224815040827,0.005329922307282686,0.006036896724253893,0.02079494670033455,0.022861847653985023,0.004142425488680601,0.005691671743988991,-0.012721022590994835,-0.03749783709645271,-0.03942326456308365,-0.028604140505194664,-0.034332677721977234,-0.04488873854279518,-0.013170928694307804,-0.01150709018111229,-0.04244804382324219,0.0007438611937686801,-0.009380881674587727,-0.010776077397167683,-0.009586537256836891,-0.012131774798035622,-0.04507701098918915,-0.07048045843839645,-0.1359642893075943,-0.17734594643115997,-0.18866033852100372,-0.19743947684764862,-0.20839476585388184,-0.21923556923866272,-0.23358222842216492,-0.24611368775367737,-0.25747188925743103,-0.27500486373901367,-0.2640846073627472,-0.23988768458366394
0.0,0.0,-0.004558487329632044,-0.0031488239765167236,0.0,0.0,0.0,-0.0005619320436380804,-0.036967020481824875,-0.025056662037968636,0.0,0.0,0.0,0.0,0.0,0.0,0.009895200841128826,0.024720968678593636,0.028292855247855186,0.010639582760632038,-0.007691558450460434,-0.012266327627003193,0.004645043984055519,0.04167763143777847,0.04247918352484703,0.04832511022686958,0.03426455333828926,-0.029108813032507896,-0.01000654511153698,0.020909782499074936,0.017231028527021408,-0.0026279911398887634,-0.0043646590784192085,-0.0017141848802566528,-0.018740523606538773,-0.09793674945831299,-0.1339358538389206,-0.1879102885723114,-0.19863517582416534,-0.21067117154598236,-0.2239772528409958,-0.23645305633544922,-0.2462623417377472,-0.26356422901153564,-0.2856515347957611,-0.2985627353191376,-0.2894129455089569
0.0,0.0,-0.008396556600928307,-0.021381789818406105,-0.0015248862328007817,0.0,0.0,-0.0005619320436380804,-0.0006186108803376555,-0.003364929463714361,0.0,0.0,0.0,0.0,0.0,0.0,0.023442355915904045,0.04295054078102112,0.04738061502575874,0.05002782493829727,0.04270017892122269,0.038404680788517,0.0445648692548275,0.05879291146993637,0.07403507828712463,0.09309423714876175,0.09620088338851929,0.10974078625440598,0.0658361166715622,0.03964616730809212,0.016705533489584923,0.01853034645318985,0.0075364927761256695,0.0,-0.0031069910619407892,-0.009352883324027061,-0.06019584834575653,-0.14822641015052795,-0.17308755218982697,-0.18711987137794495,-0.20002566277980804,-0.21088947355747223,-0.21752160787582397,-0.23729783296585083,-0.26614466309547424,-0.29160088300704956,-0.3299221098423004
