currents_20100912.json
{"header": {"parameterCategory":2,"parameterNumber":2,"nx":74,"ny":54,"lo1":27.46,"la1":47.1,"lo2":42.58,"la2":40.43,"dx":0.20712328767123284,"dy":0.12584905660377363,"refTime":"2010-09-12T12:00:00"}, "data":
[rows 22 to 43 of 54, columns 0 to 48 of 74]
0.0,0.0,0.0,0.0,0.0,0.0,-0.036832086741924286,-0.2252703160047531,-0.21468208730220795,-0.19266220927238464,-0.1587076336145401,-0.12647007405757904,-0.11400151997804642,-0.10411065071821213,-0.10185826569795609,-0.10009218752384186,-0.09970954805612564,-0.09201477468013763,-0.08468104153871536,-0.09462521225214005,-0.11946561187505722,-0.16312628984451294,-0.1911163330078125,-0.15472911298274994,-0.08842659741640091,-0.03691232576966286,-0.002627537352964282,-0.032216500490903854,-0.10024656355381012,-0.1691175252199173,-0.18677973747253418,-0.13494077324867249,-0.2443365454673767,-0.3189287483692169,-0.24907875061035156,-0.24505770206451416,-0.23173291981220245,-0.2183418869972229,-0.20192575454711914,-0.1528969258069992,-0.10054478049278259,-0.08231046795845032,-0.07324780523777008,-0.06154866889119148,-0.04297127574682236,-0.02777126431465149,-0.04025305435061455,-0.09406265616416931,-0.14774812757968903
0.0,0.0,0.0,0.0,0.0,0.0,-0.028413094580173492,-0.16747748851776123,-0.11279021203517914,-0.0747002363204956,-0.08717869222164154,-0.12412866950035095,-0.11770465224981308,-0.100957952439785,-0.1020212471485138,-0.07510215044021606,-0.0606360100209713,-0.07149956375360489,-0.05050055310130119,-0.055273860692977905,-0.08477766811847687,-0.13053196668624878,-0.1923937052488327,-0.24301324784755707,-0.23410145938396454,-0.18994022905826569,-0.17509712278842926,-0.18477709591388702,-0.2337626963853836,-0.27069032192230225,-0.3481462299823761,-0.38326144218444824,-0.3763022720813751,-0.3389032483100891,-0.294846773147583,-0.2240285724401474,-0.18724790215492249,-0.19363781809806824,-0.19056746363639832,-0.16076117753982544,-0.13228194415569305,-0.14704996347427368,-0.14462117850780487,-0.14387503266334534,-0.13470329344272614,-0.11707241833209991,-0.11987607926130295,-0.14605705440044403,-0.1637553870677948
0.0,0.0,0.0,0.0,0.0,0.0,-0.0054570650681853294,-0.12881730496883392,-0.13611537218093872,-0.15696778893470764,-0.16948604583740234,-0.14546586573123932,-0.10467460006475449,-0.08207188546657562,-0.05300772935152054,-0.013283914886415005,0.01452026329934597,0.010606005787849426,-0.009262030944228172,-0.013351909816265106,-0.047830577939748764,-0.08720751851797104,-0.14214304089546204,-0.20190545916557312,-0.26200032234191895,-0.2925471067428589,-0.3089544475078583,-0.30773812532424927,-0.3374294936656952,-0.3742014765739441,-0.449815034866333,-0.5131857395172119,-0.47797104716300964,-0.39021581411361694,-0.272340327501297,-0.1816311627626419,-0.15286216139793396,-0.17210260033607483,-0.18670575320720673,-0.18357157707214355,-0.169942244887352,-0.17716524004936218,-0.197150319814682,-0.20119401812553406,-0.18909496068954468,-0.18032120168209076,-0.17940279841423035,-0.1830100417137146,-0.18730324506759644
0.0,0.0,0.0,0.0,0.0,0.0,-0.10973406583070755,-0.14848922193050385,-0.22332705557346344,-0.24470268189907074,-0.1979348063468933,-0.12957265973091125,-0.09362763911485672,-0.05259965360164642,-0.015254752710461617,0.010419433005154133,0.03458569571375847,0.05025733634829521,0.03872157633304596,0.019611496478319168,-0.01960005797445774,-0.06365811079740524,-0.11140359193086624,-0.15683573484420776,-0.18951287865638733,-0.2255082130432129,-0.25469979643821716,-0.2803874611854553,-0.3286944627761841,-0.3662512004375458,-0.37737393379211426,-0.3906422257423401,-0.35082563757896423,-0.2668898403644562,-0.1827814280986786,-0.12508246302604675,-0.10853872448205948,-0.12999533116817474,-0.165326327085495,-0.19479942321777344,-0.20247246325016022,-0.19143527746200562,-0.19762948155403137,-0.20769163966178894,-0.2069835215806961,-0.19846095144748688,-0.19409096240997314,-0.19064447283744812,-0.1941596120595932
0.0,0.0,0.0,0.0,0.0,0.0,-0.14935308694839478,-0.18455426394939423,-0.22787326574325562,-0.209373340010643,-0.16001161932945251,-0.1138790175318718,-0.08852981775999069,-0.05538925901055336,-0.020919447764754295,0.007780944928526878,0.03337465226650238,0.04798560217022896,0.03692810982465744,0.015934020280838013,-0.014906104654073715,-0.06185492128133774,-0.08622954785823822,-0.11109934002161026,-0.15179729461669922,-0.17213641107082367,-0.19754299521446228,-0.22437570989131927,-0.2503112256526947,-0.2689807116985321,-0.2737121880054474,-0.2607257664203644,-0.22499772906303406,-0.17506669461727142,-0.1323293000459671,-0.09340269863605499,-0.07194316387176514,-0.0873931348323822,-0.13694709539413452,-0.18995706737041473,-0.21471251547336578,-0.20721901953220367,-0.19368267059326172,-0.18256795406341553,-0.18006405234336853,-0.17270039021968842,-0.16336697340011597,-0.15985740721225739,-0.15955224633216858
0.0,0.0,0.0,0.0,0.0,0.0,-0.11956801265478134,-0.18351449072360992,-0.19469453394412994,-0.17653104662895203,-0.14387181401252747,-0.13888350129127502,-0.12070851773023605,-0.08159709721803665,-0.042321860790252686,-0.010551739484071732,0.005575026851147413,0.015430270694196224,0.002769283950328827,-0.012764948420226574,-0.030615832656621933,-0.05769623443484306,-0.049543216824531555,-0.05956292152404785,-0.1018521636724472,-0.14023783802986145,-0.1653144210577011,-0.18657536804676056,-0.20415759086608887,-0.2136385589838028,-0.21681095659732819,-0.21285082399845123,-0.1937987208366394,-0.150814026594162,-0.10365559905767441,-0.06390663981437683,-0.04493269324302673,-0.051573753356933594,-0.10239901393651962,-0.1664057821035385,-0.20491790771484375,-0.20382307469844818,-0.19472774863243103,-0.16001708805561066,-0.1418468952178955,-0.11950645595788956,-0.10029011219739914,-0.07919488102197647,-0.06830529868602753
0.0,0.0,0.0,0.0,0.0,0.0,-0.0966373085975647,-0.1887589991092682,-0.18868403136730194,-0.18120531737804413,-0.19180621206760406,-0.18623663485050201,-0.15718451142311096,-0.12333394587039948,-0.08927669376134872,-0.060053884983062744,-0.054127611219882965,-0.05657840147614479,-0.05733227729797363,-0.056398358196020126,-0.05653468146920204,-0.05139293149113655,-0.03688323125243187,-0.05657245218753815,-0.07666817307472229,-0.09745874255895615,-0.1247369572520256,-0.1382327824831009,-0.14738096296787262,-0.14728455245494843,-0.15415292978286743,-0.1510065793991089,-0.1361709088087082,-0.119425468146801,-0.09454124420881271,-0.060343142598867416,-0.031178835779428482,-0.03018301911652088,-0.06140369176864624,-0.11646554619073868,-0.1632039099931717,-0.1787237673997879,-0.1688375473022461,-0.15455785393714905,-0.13463254272937775,-0.10640260577201843,-0.06292866170406342,-0.00827773381024599,0.02206401154398918
0.0,0.0,0.0,0.0,0.0,0.0,-0.2573987543582916,-0.2165890634059906,-0.18702620267868042,-0.22366109490394592,-0.23186613619327545,-0.21575993299484253,-0.19044959545135498,-0.15912386775016785,-0.14622747898101807,-0.12629488110542297,-0.12833328545093536,-0.14256726205348969,-0.13141323626041412,-0.10903100669384003,-0.08348207920789719,-0.04198748618364334,-0.031711068004369736,-0.055930763483047485,-0.07423682510852814,-0.08213577419519424,-0.0901666060090065,-0.09109468758106232,-0.0822867900133133,-0.07148533314466476,-0.06636065989732742,-0.0678289383649826,-0.06518640369176865,-0.056494612246751785,-0.059418898075819016,-0.05965845286846161,-0.03840707615017891,-0.016588181257247925,-0.025798607617616653,-0.060473471879959106,-0.10065581649541855,-0.1314096599817276,-0.14272382855415344,-0.12715721130371094,-0.10667737573385239,-0.08579443395137787,-0.06478659063577652,-0.012593194842338562,0.04847271740436554
0.0,0.0,0.0,0.023870935663580894,0.017912279814481735,-0.3795589506626129,-0.4220697581768036,-0.20290233194828033,-0.20815211534500122,-0.22011324763298035,-0.19372902810573578,-0.17137765884399414,-0.16181495785713196,-0.17144307494163513,-0.1726960986852646,-0.18722309172153473,-0.1876000612974167,-0.19791832566261292,-0.19035230576992035,-0.14420589804649353,-0.09070439636707306,-0.04383571818470955,-0.05231885612010956,-0.05390019714832306,-0.06764378398656845,-0.07135353982448578,-0.0595339834690094,-0.04279756173491478,-0.03557026386260986,-0.026818949729204178,-0.012806925922632217,-0.0005098173278383911,-0.00198690639808774,-0.009050085209310055,-0.012998374179005623,-0.026286769658327103,-0.03465183451771736,-0.016813892871141434,3.589242624002509e-05,-0.012968586757779121,-0.04200819507241249,-0.0712190717458725,-0.0906359851360321,-0.0986151397228241,-0.07998307794332504,-0.06839855760335922,-0.05866159498691559,-0.04805811122059822,-0.013101101852953434
0.0,0.0,0.0,-0.03523850068449974,-0.35358691215515137,-0.6110357642173767,-0.30072981119155884,-0.19040216505527496,-0.2060500532388687,-0.1758553683757782,-0.13418640196323395,-0.11562293767929077,-0.11334032565355301,-0.14496654272079468,-0.1789141446352005,-0.2087472677230835,-0.23740233480930328,-0.23600773513317108,-0.21348658204078674,-0.16189725697040558,-0.08518856018781662,-0.053943831473588943,-0.04212364926934242,-0.03335588052868843,-0.04058966785669327,-0.030063573271036148,-0.01954897865653038,-0.016356104984879494,0.009320718236267567,0.01570589654147625,0.02465202286839485,0.03056253492832184,0.029116854071617126,0.026964286342263222,0.021112127229571342,0.02143615297973156,0.006892564706504345,-0.0017992490902543068,0.014708591625094414,0.02342073991894722,0.0067456006072461605,-0.017934424802660942,-0.04672567546367645,-0.06552712619304657,-0.0654260665178299,-0.060223691165447235,-0.06855641305446625,-0.07895500212907791,-0.07506401836872101
0.0,0.0,-0.025442322716116905,-0.24748793244361877,-0.4605322480201721,-0.3483012914657593,-0.19573974609375,-0.1865653097629547,-0.16678640246391296,-0.12198980152606964,-0.09223267436027527,-0.07986148446798325,-0.07948675751686096,-0.10303933173418045,-0.15302446484565735,-0.1834714710712433,-0.21260736882686615,-0.23700764775276184,-0.20521266758441925,-0.13435174524784088,-0.05949792638421059,-0.02922636829316616,-0.02112739160656929,-0.013179928995668888,-0.008640727028250694,0.001958452397957444,0.020939799025654793,0.03542088344693184,0.04325372725725174,0.05165616795420647,0.060237426310777664,0.06125342845916748,0.05679720640182495,0.05052824690937996,0.04805741086602211,0.04648321121931076,0.04924898222088814,0.05009369179606438,0.04775286465883255,0.05058104917407036,0.04521048069000244,0.020653290674090385,-0.013208701275289059,-0.04057266190648079,-0.055613916367292404,-0.06489092111587524,-0.0824829488992691,-0.11545011401176453,-0.13003391027450562
0.0,0.0,0.009556583128869534,-0.2518858015537262,-0.269040584564209,-0.18609954416751862,-0.15214991569519043,-0.15694472193717957,-0.12154468894004822,-0.08350792527198792,-0.06437326967716217,-0.06116410344839096,-0.0638635978102684,-0.07444367557764053,-0.11079071462154388,-0.15478044748306274,-0.16521771252155304,-0.1470796763896942,-0.12260565161705017,-0.07138682901859283,-0.04947834461927414,-0.039747774600982666,-0.028294762596488,-0.008539731614291668,0.01661865785717964,0.028638754040002823,0.04364620894193649,0.05402003973722458,0.05569777265191078,0.062132664024829865,0.08420908451080322,0.08763709664344788,0.08086369931697845,0.07176173478364944,0.06453580409288406,0.06016606092453003,0.06595700234174728,0.07657649368047714,0.08910943567752838,0.07406782358884811,0.06399277597665787,0.04412071779370308,0.011849574744701385,-0.021249527111649513,-0.04074975103139877,-0.06888221204280853,-0.08431210368871689,-0.12499303370714188,-0.1613464504480362
0.0,0.0,-0.018524156883358955,-0.15262450277805328,-0.10838329046964645,-0.10337533801794052,-0.13170096278190613,-0.12804201245307922,-0.09169279783964157,-0.06315535306930542,-0.04703649878501892,-0.05426502972841263,-0.06167150288820267,-0.06496953964233398,-0.08660033345222473,-0.10967133194208145,-0.12912382185459137,-0.13165122270584106,-0.11047521233558655,-0.0815182477235794,-0.05328504741191864,-0.03923940658569336,-0.023554032668471336,0.0026030868757516146,0.03127618134021759,0.04939618334174156,0.045071572065353394,0.02602541446685791,0.05704876407980919,0.09988223761320114,0.13416238129138947,0.13434043526649475,0.11058372259140015,0.09120117127895355,0.08825796842575073,0.09606246650218964,0.09785198420286179,0.09200453013181686,0.09000307321548462,0.09540291130542755,0.09220311045646667,0.06926229596138,0.043191950768232346,0.010103918612003326,-0.023462019860744476,-0.050792817026376724,-0.07729533314704895,-0.10675039887428284,-0.14665751159191132
0.0,-0.0017813908634707332,-0.009111585095524788,-0.05960390716791153,0.008224999532103539,-0.02501334436237812,-0.11816757172346115,-0.10619236528873444,-0.07826713472604752,-0.051796264946460724,-0.045862916857004166,-0.05528273433446884,-0.06351288408041,-0.06634050607681274,-0.07250120490789413,-0.08460469543933868,-0.08963924646377563,-0.08475543558597565,-0.06840743124485016,-0.04784560576081276,-0.029618673026561737,-0.015074593015015125,-0.001544772763736546,0.018711188808083534,0.041596006602048874,0.025389719754457474,-0.021223442628979683,0.04655393958091736,0.10817363858222961,0.18402065336704254,0.24948947131633759,0.20967619121074677,0.14738143980503082,0.11874400079250336,0.11066414415836334,0.13379980623722076,0.14588674902915955,0.13265646994113922,0.10895150899887085,0.09365963935852051,0.10237375646829605,0.10842757672071457,0.08824748545885086,0.0534830242395401,0.007993052713572979,-0.028115268796682358,-0.062473833560943604,-0.08098158985376358,-0.11745554953813553
0.0,-0.03804215043783188,-0.19918610155582428,-0.017403986304998398,0.007525674998760223,-0.05717320367693901,-0.10842200368642807,-0.08973371982574463,-0.06510172039270401,-0.0645112618803978,-0.07678598165512085,-0.07551789283752441,-0.06666204333305359,-0.06452371180057526,-0.0601128451526165,-0.0611380971968174,-0.054355792701244354,-0.04813738167285919,-0.04261400178074837,-0.04462794214487076,-0.03998522832989693,-0.024262448772788048,-0.0009339056559838355,0.0031779881101101637,-0.010417467914521694,-0.036155954003334045,-0.007870666682720184,0.034416522830724716,0.08070223033428192,0.13038431107997894,0.17919941246509552,0.186636820435524,0.13994953036308289,0.1241440400481224,0.12626685202121735,0.15140795707702637,0.17136570811271667,0.16442838311195374,0.1437079757452011,0.1271178275346756,0.1134423092007637,0.10414459556341171,0.10640370100736618,0.1020960807800293,0.06268591433763504,0.010819117538630962,-0.030637074261903763,-0.06441958993673325,-0.07834705710411072
-0.0013699030969291925,0.040106166154146194,-0.05122041329741478,-0.01807451993227005,-0.07109469175338745,-0.1180095300078392,-0.08440360426902771,-0.06818243116140366,-0.06459019333124161,-0.08189085870981216,-0.09683095663785934,-0.09750843793153763,-0.09286469221115112,-0.06869141012430191,-0.04806268960237503,-0.045450836420059204,-0.04252457991242409,-0.03794921562075615,-0.033065371215343475,-0.03131811320781708,-0.027753585949540138,-0.013116723857820034,0.018365871161222458,0.007581885904073715,-0.04201308637857437,-0.05710927024483681,-0.004886796697974205,0.012448713183403015,0.023829635232686996,-0.006242919713258743,-0.021885978057980537,0.007780905347317457,0.06944117695093155,0.09491380304098129,0.11660728603601456,0.1338876336812973,0.1388179063796997,0.1576845645904541,0.17583835124969482,0.19191297888755798,0.18836639821529388,0.16007332503795624,0.11282701045274734,0.10891749709844589,0.11110556870698929,0.07299720495939255,0.012216917239129543,-0.029871076345443726,-0.046922288835048676
0.0,0.0,0.05618303641676903,-0.00953256618231535,-0.09632398188114166,-0.06651806086301804,-0.03982062265276909,-0.04412868991494179,-0.06199824810028076,-0.07703016698360443,-0.08087737113237381,-0.08419617265462875,-0.07731946557760239,-0.0753016322851181,-0.07440563291311264,-0.06430098414421082,-0.04841247946023941,-0.03644832968711853,-0.024828895926475525,-0.020353522151708603,-0.013363810256123543,0.016860855743288994,0.029609791934490204,0.0019388775108382106,-0.039144620299339294,-0.028490878641605377,0.010542773641645908,-0.018121609464287758,-0.090494304895401,-0.13140220940113068,-0.16545245051383972,-0.11086471378803253,-0.00372074032202363,0.05226380005478859,0.05027041584253311,0.023398611694574356,-0.003180938772857189,0.0204724483191967,0.16147376596927643,0.28163284063339233,0.3410036563873291,0.29538029432296753,0.18955186009407043,0.13282085955142975,0.11559641361236572,0.09740453213453293,0.06384049355983734,0.01784384436905384,-0.026064714416861534
0.0,0.0,0.10348091274499893,0.07720247656106949,-0.014084518887102604,0.006909800693392754,0.00592926936224103,-0.016706032678484917,-0.04177470877766609,-0.05363568291068077,-0.06264618784189224,-0.06715250015258789,-0.046047743409872055,-0.018548090010881424,-0.014393349178135395,-0.026234274730086327,-0.03052617982029915,-0.03375120460987091,-0.04401358589529991,-0.038842376321554184,-0.022383445873856544,-0.029475493356585503,-0.10414992272853851,-0.11213212460279465,-0.08061222732067108,0.018464641645550728,0.03164719417691231,-0.04111378267407417,-0.168860524892807,-0.2509748637676239,-0.23536035418510437,-0.18254388868808746,-0.12221559882164001,-0.08717987686395645,-0.08066054433584213,-0.15464434027671814,-0.2465878427028656,-0.182879239320755,0.048005178570747375,0.15085317194461823,0.2799181342124939,0.3139404058456421,0.24494566023349762,0.1936381757259369,0.16058683395385742,0.12033075839281082,0.08433317393064499,0.05746689438819885,0.027009569108486176
0.0,0.0,0.0,0.15576359629631042,0.07593084871768951,0.06702101975679398,0.05978444591164589,0.022241439670324326,0.001091653830371797,-0.009335923008620739,-0.018879909068346024,-0.025697939097881317,-0.03161190450191498,-0.022788962349295616,-0.01066951546818018,-0.0015745750861242414,-0.017939608544111252,-0.032020632177591324,-0.03998041898012161,-0.01434118952602148,0.008718203753232956,-0.044253528118133545,-0.11792298406362534,-0.13482454419136047,-0.016966557130217552,0.08310370147228241,0.03268646076321602,-0.03949040547013283,-0.03226484730839729,-0.20358209311962128,-0.32598474621772766,-0.3393056392669678,-0.3165477514266968,-0.3100547194480896,-0.24096255004405975,-0.11628051847219467,-0.07400620728731155,-0.0734269917011261,-0.03522426262497902,-0.041719600558280945,-0.00858513917773962,0.04768100753426552,0.14103949069976807,0.23659704625606537,0.23883894085884094,0.1684618592262268,0.10970215499401093,0.08311489224433899,0.06366588920354843
0.0,0.0,0.0,0.021779740229249,0.06367429345846176,0.12454993277788162,0.12921378016471863,0.09193085879087448,0.059272635728120804,0.03990386426448822,0.022890090942382812,0.01632842980325222,0.015638096258044243,-0.01515397522598505,-0.02372274547815323,0.010729730129241943,0.03837576135993004,0.030429275706410408,0.033364906907081604,0.03904866427183151,0.008008995093405247,-0.01945132575929165,0.033184509724378586,0.10032906383275986,0.17765985429286957,0.17168673872947693,0.06940383464097977,0.05990128591656685,0.0,0.0,0.0,0.0,0.0,-0.03060833364725113,0.0,-0.04403116554021835,0.0,-0.013940067030489445,-0.0762280598282814,-0.16491518914699554,-0.28208574652671814,-0.2251257598400116,0.050056736916303635,0.2722780108451843,0.36851322650909424,0.2619972825050354,0.15944162011146545,0.11411844193935394,0.0946987047791481
0.0,0.0,0.0,-0.04272188991308212,0.04027027264237404,0.1687922328710556,0.22629590332508087,0.18530647456645966,0.1378646343946457,0.09811541438102722,0.06545091420412064,0.05584032088518143,0.0542045459151268,0.03852783516049385,0.003885457059368491,0.021548958495259285,0.05940554291009903,0.10572123527526855,0.10293108224868774,0.07978548854589462,0.03325808420777321,0.021609164774417877,0.10491713881492615,0.2154833972454071,0.1821964681148529,0.07958455383777618,0.010133796371519566,0.0,0.0,0.0,0.0,0.0,0.0,0.0,0.0,0.0,0.0,-0.020712558180093765,-0.16606788337230682,-0.14667999744415283,-0.24123606085777283,-0.2648444175720215,-0.1977979987859726,0.030190948396921158,0.17021431028842926,0.2289648801088333,0.19117291271686554,0.15992659330368042,0.13695736229419708
0.0,0.0,0.0,0.08052514493465424,0.10613967478275299,0.13917209208011627,0.21315772831439972,0.24660713970661163,0.2200518548488617,0.17937542498111725,0.14574034512043,0.0789775550365448,0.07394087314605713,0.07647828012704849,0.06968721747398376,0.03721834719181061,0.05887455865740776,0.10285530984401703,0.1177612692117691,0.09592694044113159,0.09404392540454865,0.14839625358581543,0.1753242164850235,0.07612860202789307,0.0,0.0,0.0,0.0,0.0,0.0,0.0,0.0,0.0,0.0,0.0,0.0,0.0,0.0,0.0,-0.1687968522310257,-0.06889995187520981,0.0,-0.13124412298202515,-0.12144758552312851,-0.08069721609354019,0.01271201204508543,0.12096326798200607,0.16960038244724274,0.1735256314277649
