currents_20100914.json
{"header": {"parameterCategory":2,"parameterNumber":2,"nx":74,"ny":54,"lo1":22.5,"la1":41.2,"lo2":27.0,"la2":38.2,"dx":0.06164383561643835,"dy":0.05660377358490566,"refTime":"2010-09-14T12:00:00"}, "data":
[rows 0 to 20 of 54, columns 0 to 46 of 74]
0.0,0.0,0.0,0.0,0.0,0.0,0.0,0.0,0.0,0.0,0.0,0.0,0.0,0.0,0.0,0.0,0.0,0.0,0.0,0.0,0.0,0.0,0.0,0.0,0.0,0.0,0.0,0.0,0.0,0.0,0.0,0.0,0.0,0.0,0.0,0.0,0.0,0.0,0.0,0.0,0.0,0.0,0.0,0.0,0.0,0.0,0.0
0.0,0.0,0.0,0.0,0.0,0.0,0.0,0.0,0.0,0.0,0.0,0.0,0.0,0.0,0.0,0.0,0.0,0.0,0.0,0.0,0.0,0.0,0.0,0.0,0.0,0.0,0.0,0.0,0.0,0.0,0.0,0.0,0.0,0.0,0.0,0.0,0.0,0.0,0.0,0.0,0.0,0.0,0.0,0.0,0.0,0.0,0.0
0.0,0.0,0.0,0.0,0.0,0.0,0.0,0.0,0.0,0.0,0.0,0.0,0.0,0.0,0.0,0.0,0.0,0.0,0.0,0.0,0.0,0.0,0.0,0.0,0.0,0.0,0.0,0.0,0.0,0.0,0.0,0.0,0.0,0.0,0.0,0.0,0.0,0.0,0.0,0.0,0.0,0.0,0.0,0.0,0.0,0.0,0.0
0.0,0.0,0.0,0.0,0.0,0.0,0.0,0.0,0.0,0.0,0.0,0.0,0.0,0.0,0.0,0.0,0.0,0.0,0.0,0.0,0.0,0.0,0.0,0.0,0.0,0.0,0.0,0.0,0.0,0.0,0.0,0.0,0.0004546034033410251,0.0,0.0,0.0,0.0,0.0,0.0,0.0,0.0,0.002599013037979603,0.002599013037979603,0.002599013037979603,0.0,0.0,0.0
0.0,0.0,0.0,0.0,0.0,0.0,0.0,0.0,0.0,0.0,0.0,0.0,0.0,0.0,0.0,0.0,0.0,0.0,0.0,0.0,0.0,0.0,0.0,0.0,0.0,0.0,0.0,0.0,0.0,0.0,0.0,0.0,0.006079379003494978,0.005695387255400419,0.0,0.0,0.0,0.0,0.0,0.0,0.0,0.011165937408804893,0.049388814717531204,0.024690909311175346,0.0,0.0,0.0
0.0,0.0,0.0,0.0,0.0,0.0,0.0,0.0,0.0,0.0,0.0,0.0,0.0,0.0,0.0,0.0,0.0,0.0,0.0,0.0,0.0,0.0,0.0,0.0,0.0,0.0,0.0,0.0,0.0,0.0,0.0,0.021857375279068947,0.03065589629113674,0.04208563268184662,0.048198409378528595,0.0,0.0,0.0,0.023046132177114487,0.03697560727596283,0.11597631126642227,0.12714225053787231,0.1599663347005844,0.1479148417711258,0.12525686621665955,0.12533655762672424,0.1103467270731926
0.0,0.0,0.0,0.0,0.0,0.0,0.0,0.0,0.0,0.0,0.0,0.0,0.0,0.0,0.0,0.0,0.0,0.0,0.0,0.0,0.0,0.0,0.0,0.0,0.0,0.0,0.0,0.0,0.0036794901825487614,0.01808120496571064,0.055018920451402664,0.06218704953789711,0.08168721199035645,0.10067123919725418,0.11777732521295547,0.02851216495037079,0.0,0.020205847918987274,0.07047217339277267,0.15204304456710815,0.23358865082263947,0.29024145007133484,0.29619669914245605,0.30355730652809143,0.3081032633781433,0.3083374798297882,0.26518508791923523
0.0,0.0,0.0,0.0,0.0,0.0,0.0,0.0,0.0,0.0,0.0,0.0,0.0,0.0,0.0,0.0,0.0,0.0,0.0,0.0,0.0,0.0,0.0,0.0,0.0,0.0,0.0,0.0,0.026609845459461212,0.05188446864485741,0.09963802993297577,0.08810792118310928,0.09316495805978775,0.08875318616628647,0.06918053328990936,0.014146123081445694,0.023901429027318954,0.09145747870206833,0.12807469069957733,0.13480092585086823,0.20182190835475922,0.2442382127046585,0.2622767686843872,0.26355627179145813,0.263673335313797,0.2660035192966461,0.2567959427833557
0.0,0.0,0.0,0.0,0.0,0.0,0.0,0.0,0.0,0.0,0.0,0.0,0.0,0.0,0.0,0.0,0.0,0.0,0.0,0.0,-0.0006318839732557535,-0.005053329281508923,-0.005164798814803362,0.012551655061542988,0.043930940330028534,0.043930940330028534,0.09088710695505142,0.09877277910709381,0.12168845534324646,0.16307593882083893,0.16520090401172638,0.13497698307037354,0.04426030442118645,0.03925483673810959,0.02940911054611206,0.014146123081445694,0.050773486495018005,0.0676167756319046,0.09597355872392654,0.1699768453836441,0.19169512391090393,0.23391248285770416,0.2381119579076767,0.21807125210762024,0.21803301572799683,0.20993341505527496,0.2076767534017563
0.0,0.0,0.0,0.0,0.0,0.0,0.0,0.0,0.0,0.0,0.0,0.0,0.0,0.0,0.0,0.0,0.0,0.0,0.0,0.0,-0.005260774865746498,-0.00968222040683031,-0.0077018169686198235,0.03871535509824753,0.07774733752012253,0.12243498116731644,0.19748824834823608,0.22180305421352386,0.24509762227535248,0.24593237042427063,0.2219723016023636,0.1480751484632492,0.048596788197755814,-0.018920008093118668,-0.00039987172931432724,0.0,0.0,0.011257844977080822,0.03166993334889412,0.1187131404876709,0.19066233932971954,0.21015474200248718,0.19409815967082977,0.16705654561519623,0.15412169694900513,0.14137236773967743,0.1408492773771286
0.0,0.0,0.0,0.0,0.0,0.0,0.0,0.0,0.0,0.0,0.0,0.0,0.0,0.0,0.0,0.0,0.0,0.0,0.0,0.0,0.0,-0.002321459585800767,0.0010137245990335941,0.021993130445480347,0.06995680183172226,0.0953325480222702,0.11275307834148407,0.14193497598171234,0.17372038960456848,0.18171784281730652,0.17856524884700775,0.15222950279712677,0.10281460732221603,0.07473786920309067,-0.00039987172931432724,0.0,0.0,0.015749188140034676,0.06557295471429825,0.02469305507838726,0.056800562888383865,0.044824082404375076,0.046140044927597046,0.042585887014865875,0.049220580607652664,0.04613112285733223,0.049463581293821335
0.0,0.0,0.0,0.0,0.0,8.4734580013901e-05,0.00667033763602376,0.0035211429931223392,0.0018577638547867537,0.0,0.0,0.0,0.0,0.0,0.0,0.0,0.0,0.0,0.0,0.0,0.0,0.0,0.0032383548095822334,0.01401472743600607,0.006142275873571634,0.03151802346110344,0.039155613631010056,0.05428233742713928,0.08525887131690979,0.08630862832069397,0.08531029522418976,0.07794589549303055,0.11996111273765564,0.09188437461853027,0.0331256277859211,0.003196266945451498,0.003196266945451498,-0.014502841047942638,-0.014232403598725796,-0.048360973596572876,-0.07754839956760406,-0.08946331590414047,-0.08597603440284729,-0.07990498840808868,-0.06721023470163345,-0.06327202916145325,-0.06018520146608353
0.0,0.0,0.0,-0.001166422851383686,-0.001166422851383686,0.008844433352351189,0.015430036000907421,0.006338275969028473,0.0018577638547867537,0.0,0.0,0.0,0.0,0.0,0.0,0.0,0.0,0.0,0.0,0.0,0.0,0.0,-0.0023369903210550547,-0.0032869908027350903,-0.017813947051763535,-0.02484595961868763,-0.02028682827949524,-0.017694640904664993,-0.023416904732584953,-0.023543190211057663,-0.01584373228251934,0.020023085176944733,0.06370015442371368,0.08295635879039764,0.0548085942864418,0.009209943935275078,-0.05243220552802086,-0.11673299223184586,-0.16121028363704681,-0.1900801658630371,-0.20564594864845276,-0.21728211641311646,-0.21462208032608032,-0.2100246101617813,-0.198450967669487,-0.1741742491722107,-0.16984428465366364
0.0,0.0,-0.001104978146031499,-0.006415538024157286,-0.028736097738146782,-0.012999238446354866,0.0012676005717366934,0.0012676005717366934,0.0012676005717366934,0.0,0.0,0.0,0.0,0.0,0.0,0.0,0.0,0.0,0.0,0.0,0.0,0.0,-0.0023369903210550547,-0.01807904802262783,-0.015838470309972763,-0.024621497839689255,-0.05714140087366104,-0.07470590621232986,-0.08257784694433212,-0.08410381525754929,-0.07951372861862183,-0.029635896906256676,0.0010125983972102404,0.006879610940814018,-0.01152017805725336,-0.08356022089719772,-0.16029182076454163,-0.24013951420783997,-0.3429255485534668,-0.3620971441268921,-0.36947742104530334,-0.3734965920448303,-0.36804330348968506,-0.35723185539245605,-0.3380975127220154,-0.30314236879348755,-0.24957416951656342
0.0,0.0,-0.0045026266016066074,-0.013007335364818573,-0.020647669211030006,0.006934082135558128,0.01820111833512783,0.02122713066637516,0.0,0.0,0.0,0.0,0.0,0.0,0.0,0.0,0.0,0.0,0.0,0.0,0.0,0.0,0.0,-0.007352045271545649,-0.008809836581349373,-0.008709624409675598,-0.039541635662317276,-0.09496604651212692,-0.10284295678138733,-0.1014910340309143,-0.1043495163321495,-0.09086737036705017,-0.10277391970157623,-0.08636409789323807,-0.0906798243522644,-0.14003533124923706,-0.18060415983200073,-0.2605562210083008,-0.38392022252082825,-0.4615212082862854,-0.46890148520469666,-0.4990878403186798,-0.5087295174598694,-0.4993550181388855,-0.47634440660476685,-0.4096256494522095,-0.32491496205329895
0.0,0.0,-0.0045026266016066074,-0.016018610447645187,0.0037669187877327204,0.01761707291007042,0.029779227450489998,0.04403097555041313,0.012501179240643978,0.007832683622837067,0.0,0.0,0.0,0.0,0.0,0.0,0.0,0.0,0.0,0.0,-0.0026544886641204357,-0.004575853236019611,-0.004575853236019611,-0.003024674952030182,0.0004439305339474231,0.0005441434332169592,0.0025477793533354998,-0.06530526280403137,-0.08545656502246857,-0.08792482316493988,-0.09672702848911285,-0.14500948786735535,-0.1516733467578888,-0.15644899010658264,-0.13428795337677002,-0.10086020827293396,-0.11916644126176834,-0.19850443303585052,-0.3286440968513489,-0.4224725067615509,-0.4849590063095093,-0.5251380801200867,-0.5463978052139282,-0.5363946557044983,-0.5198416113853455,-0.44824159145355225,-0.3476889133453369
0.0,0.0,-0.00740330433472991,-0.026921750977635384,-0.006961778737604618,0.008790705353021622,0.02522149309515953,0.050849124789237976,0.05695505440235138,0.04708697646856308,0.02645956724882126,0.0,0.0,0.0,0.0,0.0,0.0,0.0,0.0,0.0,-0.008833978325128555,-0.015955254435539246,-0.021050790324807167,0.010017245076596737,0.006779040209949017,0.005275093484669924,0.015091817826032639,0.00120410299859941,-0.013986571691930294,-0.016965491697192192,-0.026355331763625145,-0.05705403536558151,-0.08916466683149338,-0.11216288805007935,-0.07080122828483582,0.01177745871245861,0.02384674735367298,-0.026215936988592148,-0.12163342535495758,-0.21140094101428986,-0.26704320311546326,-0.296853244304657,-0.31325241923332214,-0.31732603907585144,-0.3238265812397003,-0.29861849546432495,-0.33999958634376526
0.0,0.0,-0.007965159602463245,-0.02752094715833664,-0.019021211192011833,-0.007921731099486351,0.01114252582192421,0.032579146325588226,0.05224993824958801,0.06628170609474182,0.04392741248011589,0.019180024042725563,0.015323367901146412,0.015323367901146412,0.0029791342094540596,0.008601812645792961,0.03655075281858444,0.03655075281858444,0.0421864353120327,0.008624972775578499,-0.0011351752327755094,-0.010114888660609722,-0.004856801591813564,0.019431961700320244,0.011109993793070316,0.009509232826530933,0.023366441950201988,0.019255246967077255,0.01742454059422016,0.0,-0.005937051028013229,-3.163041401421651e-05,-0.04338511824607849,-0.0642000138759613,-0.0651746392250061,-0.04044084623456001,0.03094383142888546,0.041974667459726334,0.008847675286233425,-0.05065938085317612,-0.06343170255422592,-0.0828029215335846,-0.09990120679140091,-0.11258204281330109,-0.15341386198997498,-0.18101881444454193,-0.23387108743190765
0.0,0.0,-0.007965159602463245,-0.022294392809271812,-0.021584173664450645,-0.015307043679058552,-0.008546270430088043,0.011372559703886509,0.03764169663190842,0.051673468202352524,0.06453241407871246,0.04234604164958,0.0376063697040081,0.015408908016979694,0.0029791342094540596,0.012161098420619965,0.036707472056150436,0.05691804736852646,0.05156613513827324,0.004793113563209772,0.00618684571236372,0.0008718653698451817,0.007524646818637848,0.024577977135777473,0.009241214022040367,0.014600235037505627,0.03293997049331665,0.04368438571691513,0.022918246686458588,0.005493707023561001,-0.0071769701316952705,0.010350276716053486,-0.03300321102142334,-0.12593849003314972,-0.1435333639383316,-0.13705579936504364,-0.09946595877408981,-0.04233570024371147,0.010022484697401524,0.05454985052347183,0.04697790369391441,0.061121534556150436,0.04603103920817375,0.03231678158044815,-0.02208578772842884,-0.08587020635604858,-0.13887934386730194
0.0,0.0,-0.004487046971917152,-0.011479188688099384,-0.017606494948267937,-0.014444159343838692,-0.009542617946863174,-0.0021700942888855934,0.01770811341702938,0.04013151302933693,0.06048979610204697,0.0664341151714325,0.051507044583559036,0.02403285726904869,0.0014833556488156319,0.0014833556488156319,0.007222271990031004,0.016642063856124878,0.014136993326246738,0.02335290051996708,0.010168940760195255,0.0,0.002997910138219595,0.002997910138219595,-0.004398327320814133,0.006067096255719662,0.036523979157209396,0.062287360429763794,0.041893042623996735,0.013424469158053398,-0.02109583653509617,-0.09579648077487946,-0.144292414188385,-0.22784626483917236,-0.35875988006591797,-0.3764972388744354,-0.33718356490135193,-0.26438137888908386,-0.16548395156860352,-0.06167241558432579,-0.0019397629657760262,0.05324308201670647,0.06599770486354828,0.02749199979007244,-0.034271545708179474,-0.09989030659198761,-0.10902771353721619
0.0,0.0,0.01806948147714138,0.029358917847275734,0.02289249375462532,0.019699689000844955,-0.008265051059424877,-0.018306434154510498,-0.004167894832789898,0.013518444262444973,0.02569095604121685,0.04015079885721207,0.0428885780274868,0.0349712036550045,0.02626333013176918,0.0,0.0007211014162749052,0.006130687426775694,0.015778597444295883,0.03529764339327812,0.02467655949294567,0.02350098267197609,0.0,0.0,-0.004156045615673065,-0.07921508699655533,-0.11517447233200073,-0.06923282146453857,-0.01695193722844124,-0.045247916132211685,-0.10911289602518082,-0.1783675104379654,-0.1783258020877838,-0.2522740364074707,-0.28117233514785767,-0.32332342863082886,-0.2870824337005615,-0.256426066160202,-0.18985022604465485,-0.1300530731678009,-0.13654249906539917,-0.08769632875919342,-0.05403316766023636,-0.06280804425477982,-0.07730066776275635,-0.10571625828742981,-0.18917155265808105
