currents_20100914.json
{"header": {"parameterCategory":2,"parameterNumber":3,"nx":74,"ny":54,"lo1":27.46,"la1":47.1,"lo2":42.58,"la2":40.43,"dx":0.20712328767123284,"dy":0.12584905660377363,"refTime":"2010-09-14T12:00:00"}, "data":
[rows 22 to 43 of 54, columns 0 to 48 of 74]
0.0,0.0,0.0,0.0,0.0,0.0,-0.03017348237335682,-0.1858275681734085,-0.18893656134605408,-0.09942175447940826,-0.060817304998636246,-0.05459202826023102,-0.05203473940491676,-0.010404552333056927,-0.011930989101529121,-0.036821428686380386,-0.07120757550001144,-0.11593140661716461,-0.10671068727970123,-0.04336180537939072,0.026344990357756615,0.0898321196436882,0.1127808541059494,0.08717116713523865,0.04065652936697006,0.018943173810839653,0.041063763201236725,0.08583270758390427,0.09434079378843307,0.07599743455648422,-0.03393489494919777,-0.024137355387210846,-0.10570350289344788,-0.23032031953334808,-0.17659404873847961,-0.09972725063562393,-0.03231904283165932,0.042594414204359055,0.09711169451475143,0.12924130260944366,0.1486477553844452,0.1105327308177948,0.07391884177923203,0.043211229145526886,0.004490419290959835,-0.01415424793958664,0.02401326410472393,0.05356801301240921,0.028184009715914726
0.0,0.0,0.0,0.0,0.0,0.0,-0.09049868583679199,-0.22868813574314117,-0.14903613924980164,-0.07502871006727219,-0.05499621108174324,-0.04529420658946037,-0.047999825328588486,-0.013928386382758617,-0.011983702890574932,-0.03826466575264931,-0.0659322589635849,-0.10150616616010666,-0.13269878923892975,-0.07587111741304398,-0.022154726088047028,0.038991041481494904,0.08582166582345963,0.11652401834726334,0.08408796042203903,0.04681786149740219,0.03800005093216896,0.051823172718286514,0.14424659311771393,0.09310851991176605,-0.026700817048549652,-0.06889109313488007,-0.25173506140708923,-0.2313423603773117,-0.17664648592472076,-0.0987570583820343,-0.035852253437042236,0.04972285404801369,0.12175789475440979,0.15185174345970154,0.1536138355731964,0.11744960397481918,0.08187370002269745,0.04789213091135025,0.0039266799576580524,-0.015179573558270931,-0.0030775577761232853,0.007661360781639814,-0.0034504716750234365
0.0,0.0,0.0,0.0,0.0,0.0,-0.10918822884559631,-0.2124786376953125,-0.10202734917402267,-0.07948576658964157,-0.0897582620382309,-0.05423808470368385,-0.041691090911626816,-0.012085849419236183,0.0003973387065343559,-0.026831641793251038,-0.06850782781839371,-0.08047366142272949,-0.12978650629520416,-0.10604410618543625,-0.05650376155972481,-0.005240120925009251,0.041202038526535034,0.0712047666311264,0.08133416622877121,0.06082440912723541,0.03545289859175682,0.03459028899669647,0.11147647351026535,0.09332112222909927,-0.01931808888912201,-0.10935843735933304,-0.17665405571460724,-0.19541558623313904,-0.14620186388492584,-0.09581178426742554,-0.04537222906947136,0.041277460753917694,0.11629993468523026,0.1500585824251175,0.14001457393169403,0.11583977192640305,0.085793137550354,0.04936956986784935,0.012168831191956997,-0.012873619794845581,-0.01902729459106922,-0.01982029154896736,-0.03435683622956276
0.0,0.0,0.0,0.0,0.0,0.0,-0.1681930124759674,-0.14053942263126373,-0.11105222254991531,-0.1428787112236023,-0.11335229873657227,-0.04366737976670265,-0.03271236643195152,-0.0017422698438167572,0.015167179517447948,-0.0046716490760445595,-0.048155635595321655,-0.081850565969944,-0.11570349335670471,-0.14484819769859314,-0.08755592256784439,-0.04648245871067047,0.005911290179938078,0.03013804741203785,0.03480047360062599,0.02942805550992489,0.022432606667280197,0.02650335803627968,0.05178862810134888,0.0577591210603714,0.008844242431223392,-0.06844543665647507,-0.12143132090568542,-0.1312227100133896,-0.10531394183635712,-0.08713657408952713,-0.06045784801244736,0.01713816076517105,0.08789129555225372,0.13236463069915771,0.12705253064632416,0.10312134027481079,0.07922610640525818,0.04941389709711075,0.015592129901051521,-0.014649421907961369,-0.02952478639781475,-0.036253754049539566,-0.054936282336711884
0.0,0.0,0.0,0.0,0.0,0.0,-0.2188124656677246,-0.16208739578723907,-0.16570091247558594,-0.13566049933433533,-0.058429084718227386,-0.02113373577594757,-0.013798470608890057,0.010970905423164368,0.029274165630340576,0.020266395062208176,-0.018162058666348457,-0.07041449844837189,-0.12720198929309845,-0.18578560650348663,-0.12700395286083221,-0.08685722947120667,-0.02095598354935646,0.008337597362697124,0.004051641095429659,-0.00918935239315033,-0.01319501455873251,-0.0012584519572556019,0.014992907643318176,0.01754787564277649,0.006803520955145359,-0.025927959010004997,-0.050533514469861984,-0.06203095614910126,-0.06325151026248932,-0.07052796334028244,-0.07496098428964615,-0.022480912506580353,0.047335490584373474,0.09410036355257034,0.10856837034225464,0.09121635556221008,0.06736979633569717,0.041443441063165665,0.012508219107985497,-0.018581347540020943,-0.04420321434736252,-0.050172869116067886,-0.057438064366579056
0.0,0.0,0.0,0.0,0.0,0.0,-0.27040988206863403,-0.23796534538269043,-0.1573716402053833,-0.07834821939468384,-0.03632812574505806,-0.02242336794734001,-0.004295980557799339,0.02846064232289791,0.0496150366961956,0.04181080684065819,-0.0003454631951171905,-0.06819188594818115,-0.1498977094888687,-0.22146223485469818,-0.16724230349063873,-0.11366742104291916,-0.03148721158504486,-0.021254166960716248,-0.013963325880467892,-0.035920966416597366,-0.04413862153887749,-0.0355873666703701,-0.009728229604661465,0.001420586952008307,0.002531273290514946,-0.006970553193241358,-0.01848907582461834,-0.03189421072602272,-0.03900526836514473,-0.05243479833006859,-0.07663241028785706,-0.06091880053281784,-0.005962687078863382,0.05512034520506859,0.07816062867641449,0.0806693509221077,0.06431508809328079,0.039860595017671585,0.008439510129392147,-0.017106804996728897,-0.042451173067092896,-0.05580370873212814,-0.05945710092782974
0.0,0.0,0.0,0.0,0.0,0.0,-0.3978968560695648,-0.24104341864585876,-0.10907524079084396,-0.07226336747407913,-0.05625772476196289,-0.032617587596178055,-0.004534177947789431,0.05534964054822922,0.07780511677265167,0.06260711699724197,0.009721982292830944,-0.0858863815665245,-0.1706286519765854,-0.23988546431064606,-0.19287407398223877,-0.10493433475494385,-0.03872627392411232,-0.047761544585227966,-0.0446765273809433,-0.053718794137239456,-0.0628451257944107,-0.05140295997262001,-0.02854079194366932,-0.017335789278149605,-0.008761641569435596,-0.005284571088850498,-0.0049469065852463245,-0.004998825490474701,-0.014675717800855637,-0.03807754069566727,-0.06735017895698547,-0.08482734113931656,-0.05547858029603958,0.007908249273896217,0.050283413380384445,0.06250682473182678,0.05680061876773834,0.044711340218782425,0.02658330835402012,0.005056119989603758,-0.01696961559355259,-0.04128692299127579,-0.07145854085683823
0.0,0.0,0.0,0.0,-0.003584707621484995,-0.005532357841730118,-0.5348777770996094,-0.18836556375026703,-0.10392989218235016,-0.10136120021343231,-0.07896921783685684,-0.0399269163608551,0.007006493862718344,0.07489360123872757,0.10745380818843842,0.07820595800876617,0.005061253439635038,-0.10643994808197021,-0.18954084813594818,-0.2395610213279724,-0.1938842236995697,-0.07769151777029037,-0.05276239290833473,-0.059334732592105865,-0.06357965618371964,-0.06832863390445709,-0.07213646918535233,-0.05478464066982269,-0.032460059970617294,-0.029314463958144188,-0.014326930977404118,-6.402471626643091e-05,0.003641892923042178,0.0020159948617219925,0.0037104401271790266,-0.012588374316692352,-0.05505037307739258,-0.094278983771801,-0.09381475299596786,-0.0339997373521328,0.01541381236165762,0.039600472897291183,0.04566783830523491,0.04481862857937813,0.04257506504654884,0.033553265035152435,0.015127851627767086,-0.01807449571788311,-0.075047567486763
0.0,0.0,0.0,-0.03941578045487404,-0.002768009901046753,-0.15860626101493835,-0.47393086552619934,-0.17491954565048218,-0.13956552743911743,-0.12776653468608856,-0.0891333743929863,-0.04112885147333145,0.020503276959061623,0.0744403675198555,0.12076518684625626,0.08748290687799454,-0.002842487068846822,-0.11165059357881546,-0.19040332734584808,-0.21914730966091156,-0.16751064360141754,-0.04323719069361687,-0.0664835125207901,-0.06811852008104324,-0.06932546198368073,-0.07223065197467804,-0.0645061656832695,-0.039397113025188446,-0.023082470521330833,-0.0256804246455431,-0.01500990241765976,-0.002633440075442195,0.005234920419752598,0.0011348442640155554,0.00042316605686210096,-0.008966406807303429,-0.043195612728595734,-0.09347230941057205,-0.11596350371837616,-0.07138224691152573,-0.015909535810351372,0.013408158905804157,0.02575151063501835,0.04457557946443558,0.048271242529153824,0.051118846982717514,0.03858379274606705,0.00012999367027077824,-0.05418511852622032
0.0,0.0,0.0,0.021364295855164528,-0.029892893508076668,-0.4252875745296478,-0.3410756587982178,-0.19265902042388916,-0.1632600873708725,-0.12469437718391418,-0.07419244199991226,-0.03626973554491997,0.00869760848581791,0.06770949810743332,0.1018146350979805,0.09339278191328049,0.0001836060982896015,-0.1048726812005043,-0.17507939040660858,-0.18623150885105133,-0.10426811128854752,-0.046692557632923126,-0.0645592138171196,-0.07465073466300964,-0.07180910557508469,-0.06102984771132469,-0.044211406260728836,-0.02072269283235073,-0.01212717778980732,-0.012615513056516647,-0.00853421725332737,-0.009871691465377808,-0.009863145649433136,-0.012670266442000866,-0.009539168328046799,-0.029039600864052773,-0.04164334759116173,-0.07528133690357208,-0.10249107331037521,-0.08788210898637772,-0.04019230976700783,-0.011918855831027031,0.0057445913553237915,0.03110179305076599,0.05546054244041443,0.058000631630420685,0.04646158218383789,0.0026992380153387785,-0.04942069575190544
0.0,0.0,0.0,0.033820658922195435,-0.23773425817489624,-0.4028807282447815,-0.2452596127986908,-0.20522651076316833,-0.152832493185997,-0.0913691595196724,-0.049882035702466965,-0.022850288078188896,-0.005387539509683847,0.03644149750471115,0.07333368062973022,0.07422836124897003,0.013843036256730556,-0.0762762501835823,-0.13160701096057892,-0.12496714293956757,-0.06691225618124008,-0.043403513729572296,-0.05425851792097092,-0.07880288362503052,-0.06645101308822632,-0.05166888236999512,-0.033177200704813004,-0.0025387052446603775,0.004444468300789595,-0.004351507406681776,-0.007071726489812136,-0.019941167905926704,-0.021237457171082497,-0.02322341501712799,-0.020954554900527,-0.029052091762423515,-0.04629964008927345,-0.060126736760139465,-0.08073338866233826,-0.08179344236850739,-0.06458565592765808,-0.03861779347062111,-0.024058930575847626,0.005521092098206282,0.043945975601673126,0.04884336516261101,0.03391878306865692,-0.005807890556752682,-0.0713786855340004
0.0,0.0,-0.019984660670161247,-0.07566681504249573,-0.3880349397659302,-0.2703299820423126,-0.21358342468738556,-0.20220023393630981,-0.1267390251159668,-0.06580702215433121,-0.032888274639844894,-0.014153501018881798,-0.005684585776180029,0.009038995951414108,0.03432305529713631,0.040731724351644516,0.010584522038698196,-0.043128419667482376,-0.0776946097612381,-0.06618727743625641,-0.044464368373155594,-0.03729601576924324,-0.041529107838869095,-0.07329437881708145,-0.06043080985546112,-0.03621869534254074,-0.011195452883839607,0.0059174480848014355,0.0026172525249421597,-0.007399088703095913,-0.012617564760148525,-0.0262611024081707,-0.03191069886088371,-0.03202923759818077,-0.022528551518917084,-0.024322958663105965,-0.03896763548254967,-0.0533716082572937,-0.07280771434307098,-0.08301115781068802,-0.08442458510398865,-0.06843296438455582,-0.05608276277780533,-0.02276419848203659,0.013504392467439175,0.035618506371974945,0.0063412245362997055,-0.021762670949101448,-0.0866764560341835
0.0,0.0,-0.053340088576078415,-0.2731994092464447,-0.3037140667438507,-0.18107202649116516,-0.22063305974006653,-0.18385782837867737,-0.10193624347448349,-0.050189487636089325,-0.02964923158288002,-0.017367977648973465,-0.002750392770394683,-0.004303380846977234,0.004883192479610443,0.020505422726273537,0.00650978647172451,-0.024730198085308075,-0.041055429726839066,-0.04253850132226944,-0.03493040055036545,-0.025974182412028313,-0.03020068258047104,-0.04593105986714363,-0.04272625595331192,-0.023270422592759132,-0.005431885831058025,-0.010829600505530834,-0.012756755575537682,-0.00931538362056017,-0.007216366473585367,-0.02835945598781109,-0.05638892576098442,-0.0478203259408474,-0.03237716108560562,-0.029800478368997574,-0.031156858429312706,-0.037079907953739166,-0.05446514114737511,-0.08502639085054398,-0.09182857722043991,-0.08589451760053635,-0.08027514070272446,-0.05584023520350456,-0.015163321979343891,0.0028241053223609924,-0.013440472073853016,-0.04489446058869362,-0.0916358232498169
0.0,0.0,-0.1605697125196457,-0.3742092549800873,-0.2238265872001648,-0.16269217431545258,-0.2257855087518692,-0.16944965720176697,-0.08550930768251419,-0.039644788950681686,-0.03660887852311134,-0.024675020948052406,-0.004658662248402834,-0.007523723412305117,-0.007457222789525986,-0.0038302370812743902,-0.012056389823555946,-0.02378099597990513,-0.028143055737018585,-0.03021177276968956,-0.02221161127090454,-0.0207716915756464,-0.023219121620059013,-0.026918260380625725,-0.030242513865232468,-0.030857549980282784,-0.04502597451210022,-0.03136971592903137,-0.0029755837749689817,0.008202376775443554,0.024424904957413673,-0.025914639234542847,-0.10404683649539948,-0.09745755046606064,-0.051060207188129425,-0.032980870455503464,-0.028997616842389107,-0.04035642370581627,-0.0551270954310894,-0.07550740987062454,-0.09027131646871567,-0.09293214976787567,-0.0995345488190651,-0.08921292424201965,-0.04853940010070801,-0.021489672362804413,-0.02308335155248642,-0.06208792328834534,-0.1042778491973877
0.0,0.015295577235519886,-0.29722750186920166,-0.3559100329875946,-0.1767192780971527,-0.17578454315662384,-0.22911128401756287,-0.15676580369472504,-0.07111985236406326,-0.04311707243323326,-0.04416621848940849,-0.02628442272543907,-0.011821933090686798,-0.009648085571825504,-0.011188351549208164,-0.011211455799639225,-0.022073868662118912,-0.026584874838590622,-0.025682320818305016,-0.026806343346834183,-0.01861339434981346,-0.014420939609408379,-0.019933074712753296,-0.016971975564956665,-0.040565937757492065,-0.09066936373710632,-0.08251937478780746,0.003279089694842696,0.030175641179084778,0.060529351234436035,0.05545196309685707,-0.0025182690005749464,-0.14465714991092682,-0.1597532331943512,-0.08308308571577072,-0.03914794698357582,-0.028479646891355515,-0.057561252266168594,-0.0843464732170105,-0.0870913416147232,-0.08221431076526642,-0.08722471445798874,-0.1085781455039978,-0.11665534973144531,-0.08970974385738373,-0.05361592397093773,-0.04618776962161064,-0.06839347630739212,-0.11193385720252991
0.0012133282143622637,-0.01083343755453825,-0.37433162331581116,-0.25506895780563354,-0.14619757235050201,-0.26169291138648987,-0.23844210803508759,-0.14609555900096893,-0.0737747997045517,-0.06209206581115723,-0.04708852246403694,-0.01972552388906479,-0.00775903882458806,-0.011122006922960281,-0.00936049409210682,-0.00985903199762106,-0.020797191187739372,-0.022665170952677727,-0.02424798533320427,-0.028174472972750664,-0.016566120088100433,-0.00100235256832093,-0.013767393305897713,-0.024224601686000824,-0.07518503814935684,-0.14925065636634827,-0.05916162580251694,0.04616667702794075,0.05218245089054108,0.05624602362513542,0.054151833057403564,0.0029478450305759907,-0.15327532589435577,-0.19953539967536926,-0.10881730914115906,-0.049226757138967514,-0.03404494374990463,-0.07823924720287323,-0.11895502358675003,-0.11148737370967865,-0.09840429574251175,-0.0967787429690361,-0.10769485682249069,-0.12147407978773117,-0.11940057575702667,-0.09334681928157806,-0.07558228820562363,-0.0794111117720604,-0.11427805572748184
0.0,0.00019997985509689897,-0.30450084805488586,-0.1524222046136856,-0.1504518687725067,-0.3559737205505371,-0.26214542984962463,-0.14354951679706573,-0.09326182305812836,-0.07991617918014526,-0.055649563670158386,-0.019724562764167786,-0.0033576341811567545,-0.0067377411760389805,-0.007876669988036156,-0.00599949574097991,-0.014043394476175308,-0.014754927717149258,-0.017815519124269485,-0.02515488862991333,-0.009827885776758194,0.016568390652537346,0.009351442568004131,-0.04455088451504707,-0.1006229817867279,-0.16553255915641785,-0.036367833614349365,0.07067086547613144,0.019391076639294624,0.025005044415593147,0.01769210956990719,-0.00508551811799407,-0.1221473217010498,-0.17193400859832764,-0.11362241208553314,-0.053552061319351196,-0.04486066475510597,-0.10621575266122818,-0.12535880506038666,-0.11226742714643478,-0.1092187762260437,-0.13118791580200195,-0.14470334351062775,-0.13561633229255676,-0.1224682554602623,-0.12314753234386444,-0.12019498646259308,-0.11609704792499542,-0.11350300163030624
0.0,0.0,-0.1635950654745102,-0.20178833603858948,-0.16558422148227692,-0.43921777606010437,-0.30535903573036194,-0.15771359205245972,-0.1147923618555069,-0.09128159284591675,-0.06163303554058075,-0.009708157740533352,0.003224585670977831,-0.004729227162897587,-0.008821866475045681,0.0008448893204331398,-0.0013543671229854226,-0.008931710384786129,-0.02038450539112091,-0.025698507204651833,-0.005007070954889059,0.0022176236379891634,0.05022599548101425,-0.0348035953938961,-0.08829867839813232,-0.11695035547018051,-0.04262448102235794,0.07955733686685562,0.029528236016631126,-0.04396716132760048,0.009291687980294228,-0.02952432818710804,-0.08489926904439926,-0.11644341051578522,-0.09968982636928558,-0.06039247661828995,-0.01399167999625206,-0.14286014437675476,-0.08873522281646729,-0.06519098579883575,-0.0960329994559288,-0.17840328812599182,-0.21630220115184784,-0.17883002758026123,-0.14742012321949005,-0.13924813270568848,-0.1418224573135376,-0.14333319664001465,-0.14230087399482727
0.0,0.0,0.0,-0.23899802565574646,-0.23108898103237152,-0.5168202519416809,-0.3182104825973511,-0.1789548248052597,-0.13277311623096466,-0.10194101929664612,-0.07053878158330917,-0.015005127526819706,0.01720668561756611,0.003291182452812791,-0.008747977204620838,-0.012908929958939552,-0.012011166661977768,-0.021655863150954247,-0.031018652021884918,-0.008046786300837994,0.00848697591573,-0.025391368195414543,0.0013483455404639244,0.0027047228068113327,-0.017033061012625694,-0.010058878920972347,0.05132770538330078,0.13234147429466248,0.05531144142150879,-0.10611635446548462,-0.12403758615255356,-0.030789097771048546,-0.038631267845630646,-0.05645926296710968,-0.0660601258277893,-0.07125572115182877,0.09608959406614304,-0.05709598958492279,-0.1404576152563095,-0.002124059246852994,-0.045189324766397476,-0.18756069242954254,-0.25052016973495483,-0.21938039362430573,-0.18888531625270844,-0.17767074704170227,-0.16374821960926056,-0.15169240534305573,-0.1508101224899292
0.0,0.0,0.0,-0.08443853259086609,-0.3077082335948944,-0.4961625337600708,-0.2926933765411377,-0.19404982030391693,-0.1474192887544632,-0.10409370809793472,-0.07676364481449127,-0.02275739796459675,0.015942534431815147,-0.0006374335498549044,-0.017864562571048737,-0.010798661969602108,-0.016713790595531464,-0.019892163574695587,-0.02276512421667576,0.006281878799200058,0.02048644796013832,0.004667540546506643,0.04108821973204613,0.11495820432901382,0.13679194450378418,0.06134738028049469,0.09445243328809738,0.12891197204589844,0.0,0.0,0.0,0.0,0.0,0.014590444043278694,0.0,0.010225296020507812,0.0,-0.03735272213816643,-0.09779248386621475,-0.016100361943244934,-0.0410425066947937,-0.12113271653652191,-0.14579644799232483,-0.15995687246322632,-0.20846690237522125,-0.23747454583644867,-0.20313753187656403,-0.16151933372020721,-0.14855018258094788
0.0,0.0,0.0,-0.018638698384165764,-0.35939034819602966,-0.3826369643211365,-0.25606659054756165,-0.20081542432308197,-0.15430033206939697,-0.10393819957971573,-0.07900936901569366,-0.0465952605009079,0.012113375589251518,-0.011241410858929157,-0.030460236594080925,-0.01455159392207861,-0.01418096199631691,0.0005747851682826877,6.510032108053565e-06,0.01209249533712864,0.03048035129904747,0.055282726883888245,0.13728676736354828,0.2758008539676666,0.06353925168514252,0.00929825659841299,0.027713948860764503,0.0,0.0,0.0,0.0,0.0,0.0,0.0,0.0,0.0,0.0,-0.013303956016898155,-0.055211346596479416,-0.07054450362920761,-0.03509094566106796,-0.026187710464000702,-0.029316090047359467,-0.046483494341373444,-0.2014545202255249,-0.3006451725959778,-0.24041306972503662,-0.18142099678516388,-0.15839816629886627
0.0,0.0,0.0,-0.014869173988699913,-0.32288825511932373,-0.31092625856399536,-0.20834006369113922,-0.1910913586616516,-0.17263247072696686,-0.12086382508277893,-0.0854039117693901,-0.06717762351036072,0.00377275119535625,0.0030575015116482973,-0.03836251050233841,-0.04834761098027229,-0.021581251174211502,0.03572147339582443,0.04579007253050804,0.04093490168452263,0.04981935769319534,0.12293502688407898,0.18611609935760498,0.12495539337396622,0.0,0.0,0.0,0.0,0.0,0.0,0.0,0.0,0.0,0.0,0.0,0.0,0.0,0.0,0.0,-0.04764806106686592,0.04150846228003502,0.0,-0.10279621183872223,0.03776780143380165,-0.13343867659568787,-0.2783464193344116,-0.2391217052936554,-0.180119588971138,-0.17769862711429596
