currents_20100915.json
{"header": {"parameterCategory":2,"parameterNumber":3,"nx":74,"ny":54,"lo1":27.46,"la1":47.1,"lo2":42.58,"la2":40.43,"dx":0.20712328767123284,"dy":0.12584905660377363,"refTime":"2010-09-15T12:00:00"}, "data":
[rows 22 to 43 of 54, columns 0 to 48 of 74]
0.0,0.0,0.0,0.0,0.0,0.0,-0.0037223217077553272,-0.14669741690158844,-0.171486958861351,-0.060146722942590714,-0.036870259791612625,-0.037533584982156754,-0.04086834564805031,0.004676894750446081,0.009162109345197678,-0.00169350765645504,-0.028986221179366112,-0.0748925507068634,-0.07241730391979218,-0.04100550711154938,0.018209831789135933,0.06989245861768723,0.09752503782510757,0.05880778655409813,0.007465392351150513,-0.011867974884808064,0.0107503030449152,0.07101728022098541,0.10360439866781235,0.016494691371917725,-0.05365225300192833,-0.01701599918305874,-0.08627676218748093,-0.2215154618024826,-0.1934622824192047,-0.14455479383468628,-0.08498538285493851,0.0012224088422954082,0.056190188974142075,0.09483616054058075,0.12235900014638901,0.10942257940769196,0.10365263372659683,0.08244208991527557,0.04550638049840927,0.019713053479790688,0.053316809237003326,0.06945725530385971,0.018390778452157974
0.0,0.0,0.0,0.0,0.0,0.0,-0.05419786274433136,-0.17996914684772491,-0.12120935320854187,-0.04592200368642807,-0.04669465869665146,-0.04363555833697319,-0.03759929537773132,0.0016040345653891563,0.004747188650071621,-0.004113329574465752,-0.02060905285179615,-0.06976501643657684,-0.09841332584619522,-0.0668715387582779,-0.029985200613737106,0.018473781645298004,0.06818496435880661,0.08436399698257446,0.05096010863780975,0.013972586952149868,0.009374570101499557,0.09861201792955399,0.1308254897594452,0.05963645502924919,0.00048611999955028296,-0.09913617372512817,-0.2711738348007202,-0.2528167963027954,-0.20031088590621948,-0.14482510089874268,-0.07280480861663818,0.02825397253036499,0.09251116216182709,0.10208398848772049,0.11515402048826218,0.11258264631032944,0.10957749933004379,0.08216340094804764,0.041152141988277435,0.02126726135611534,0.03157121688127518,0.018727166578173637,-0.0332941859960556
0.0,0.0,0.0,0.0,0.0,0.0,-0.07657879590988159,-0.18571798503398895,-0.07032881677150726,-0.04502489045262337,-0.08806990832090378,-0.046280767768621445,-0.027219723910093307,0.009672697633504868,0.02232520841062069,-0.0036240830086171627,-0.03869941085577011,-0.052738435566425323,-0.11326804012060165,-0.09599626809358597,-0.07070142030715942,-0.02719927206635475,0.014782764948904514,0.04560321196913719,0.04846011847257614,0.01834786869585514,0.004305706825107336,0.06988677382469177,0.11118024587631226,0.054758138954639435,0.012057841755449772,-0.1316700577735901,-0.21308185160160065,-0.21156983077526093,-0.17088685929775238,-0.1365988552570343,-0.06457310914993286,0.029686033725738525,0.1030130535364151,0.11522255837917328,0.10549437254667282,0.09928396344184875,0.0928688794374466,0.06674503535032272,0.029110264033079147,0.010716261342167854,0.007777870167046785,-0.01628369279205799,-0.04382885992527008
0.0,0.0,0.0,0.0,0.0,0.0,-0.1374792456626892,-0.11464124172925949,-0.059245701879262924,-0.133956640958786,-0.11030318588018417,-0.03637666255235672,-0.01624339260160923,0.018829725682735443,0.03787180408835411,0.014080693945288658,-0.03560730442404747,-0.07295846194028854,-0.11284948140382767,-0.1461094617843628,-0.10011051595211029,-0.07021362334489822,-0.021896611899137497,0.0030330740846693516,0.007826513610780239,-0.0051355487667024136,-0.010777848772704601,0.012129989452660084,0.05934945121407509,0.0506632961332798,-0.0007869737455621362,-0.07357513904571533,-0.1348128616809845,-0.1430252194404602,-0.12424705177545547,-0.10907875746488571,-0.06410375982522964,0.015036667697131634,0.082835853099823,0.11463102698326111,0.09807630628347397,0.08516525477170944,0.07609609514474869,0.04855696111917496,0.01991417445242405,0.003748846473172307,-0.008829242549836636,-0.033103350549936295,-0.04563362896442413
0.0,0.0,0.0,0.0,0.0,0.0,-0.16826725006103516,-0.0820404514670372,-0.14959558844566345,-0.1593790501356125,-0.06377983838319778,-0.017688628286123276,-6.22191873844713e-05,0.03246345743536949,0.04925871267914772,0.03155987709760666,-0.019460156559944153,-0.07684260606765747,-0.1322583556175232,-0.1871902495622635,-0.13617178797721863,-0.10652635991573334,-0.0490303561091423,-0.014990276657044888,-0.018094340339303017,-0.03222104161977768,-0.0291652362793684,-0.01165146566927433,0.0054581849835813046,0.007140041328966618,-0.0018054607789963484,-0.03178611397743225,-0.0614810548722744,-0.07309592515230179,-0.07147396355867386,-0.07465999573469162,-0.07176554203033447,-0.022675812244415283,0.04177885130047798,0.08691026270389557,0.09283295273780823,0.07956282794475555,0.06164528429508209,0.040877360850572586,0.021912159398198128,-0.0014131517382338643,-0.01870562694966793,-0.03231629356741905,-0.04375961795449257
0.0,0.0,0.0,0.0,0.0,0.0,-0.17407864332199097,-0.19262956082820892,-0.17201417684555054,-0.09131141006946564,-0.03997558727860451,-0.014721921645104885,0.011953312903642654,0.04977129399776459,0.07028961181640625,0.05260378122329712,-0.0075146472081542015,-0.07185576856136322,-0.13728450238704681,-0.2094736546278,-0.16934184730052948,-0.12364450842142105,-0.054694872349500656,-0.036890655755996704,-0.02901078388094902,-0.0467696413397789,-0.049793459475040436,-0.024653766304254532,-0.00767762865871191,0.00042140347068198025,0.006311388686299324,-0.0007516472251154482,-0.018404487520456314,-0.025213228538632393,-0.03040766529738903,-0.04625970870256424,-0.07696541398763657,-0.06212102249264717,-0.010667698457837105,0.05512657016515732,0.07280274480581284,0.06897585093975067,0.0604160837829113,0.04119008779525757,0.02012602426111698,0.0013220368418842554,-0.013545525260269642,-0.021192895248532295,-0.03656670078635216
0.0,0.0,0.0,0.0,0.0,0.0,-0.2680243253707886,-0.22758986055850983,-0.123829185962677,-0.07357451319694519,-0.0505731962621212,-0.027368996292352676,0.01400087308138609,0.07931026071310043,0.1065017357468605,0.09053785353899002,0.021329041570425034,-0.06881111115217209,-0.14203479886054993,-0.22199751436710358,-0.18475857377052307,-0.11028629541397095,-0.05184181034564972,-0.060823503881692886,-0.04737327620387077,-0.0569595992565155,-0.0652860775589943,-0.03899584710597992,-0.015194281004369259,-0.002896922640502453,0.009149645455181599,0.012109403498470783,0.01149127259850502,0.008339235559105873,0.0003331225016154349,-0.031118476763367653,-0.07551614195108414,-0.09862244874238968,-0.0640752986073494,0.00558167789131403,0.04754248261451721,0.05395791679620743,0.05290897563099861,0.04307020455598831,0.034314610064029694,0.022506900131702423,0.009607411921024323,-0.0075610545463860035,-0.0394274964928627
0.0,0.0,0.0,0.0,0.00037205283297225833,-0.000803560484200716,-0.3920958936214447,-0.20267702639102936,-0.111933633685112,-0.0987292155623436,-0.07655210793018341,-0.036049939692020416,0.02703254297375679,0.11175937205553055,0.14612507820129395,0.1239011362195015,0.04383502155542374,-0.06453915685415268,-0.14943218231201172,-0.22582311928272247,-0.18426643311977386,-0.08342902362346649,-0.06013619527220726,-0.06688451766967773,-0.06459193676710129,-0.060856904834508896,-0.06768358498811722,-0.04093997925519943,-0.015538904815912247,-0.011779478751122952,0.002619488863274455,0.008476275019347668,0.012641186825931072,0.006134203169494867,0.005867464002221823,-0.02245945669710636,-0.07435852289199829,-0.12024682015180588,-0.10686583817005157,-0.03670356795191765,0.013250812888145447,0.04008108004927635,0.049534112215042114,0.04902010038495064,0.04887694865465164,0.049651648849248886,0.04496617987751961,0.02005498856306076,-0.0399043932557106
0.0,0.0,0.0,-0.02399078756570816,0.016058754175901413,-0.09430664777755737,-0.3792264461517334,-0.16067446768283844,-0.1388729363679886,-0.1218017116189003,-0.07774243503808975,-0.026328332722187042,0.042030610144138336,0.11144793033599854,0.16436049342155457,0.1284940093755722,0.04707833379507065,-0.06257335841655731,-0.15288062393665314,-0.19584785401821136,-0.16188649833202362,-0.050727736204862595,-0.07719697058200836,-0.07153193652629852,-0.06933922320604324,-0.06282096356153488,-0.06057385727763176,-0.030020270496606827,-0.004676318261772394,-0.003108614357188344,0.0017963192658498883,0.000691894325427711,0.000853546429425478,-0.011553513817489147,-0.01666056178510189,-0.02693949267268181,-0.06902609765529633,-0.11343535035848618,-0.11835918575525284,-0.06675374507904053,-0.01568414829671383,0.01336623728275299,0.03158799558877945,0.052355144172906876,0.05708329379558563,0.07252316921949387,0.07633549720048904,0.048728492110967636,-0.014417593367397785
0.0,0.0,0.0,-0.01723174937069416,0.041895896196365356,-0.3331122100353241,-0.30904099345207214,-0.18301443755626678,-0.15802767872810364,-0.11333681643009186,-0.057561833411455154,-0.01723117008805275,0.03288378566503525,0.09081239253282547,0.1376785784959793,0.11308831721544266,0.03791947662830353,-0.06146946921944618,-0.13953202962875366,-0.15855593979358673,-0.09433843940496445,-0.04553953558206558,-0.07956744730472565,-0.07871396839618683,-0.07123980671167374,-0.0568266287446022,-0.0468878373503685,-0.01707078330218792,0.002801036462187767,0.009369349107146263,0.009459033608436584,-0.007638907991349697,-0.019438596442341805,-0.03201375901699066,-0.03515235707163811,-0.051738787442445755,-0.06626424938440323,-0.1018138974905014,-0.11628936976194382,-0.09313185513019562,-0.04601326584815979,-0.014693712815642357,0.005153247155249119,0.0331178717315197,0.05954275652766228,0.076197050511837,0.0807671993970871,0.05535785108804703,-0.014030800200998783
0.0,0.0,0.0,0.014116250909864902,-0.11096199601888657,-0.36945655941963196,-0.2565660774707794,-0.20050865411758423,-0.14821572601795197,-0.08455035090446472,-0.03753677383065224,-0.009196615777909756,0.009100610390305519,0.05080301687121391,0.07948525249958038,0.08367471396923065,0.017207996919751167,-0.05912189930677414,-0.11237627267837524,-0.10707521438598633,-0.05103689432144165,-0.040373001247644424,-0.06481912732124329,-0.0856245681643486,-0.06561947613954544,-0.046315208077430725,-0.0294356569647789,0.005722540896385908,0.02307998389005661,0.01596187986433506,0.008243336342275143,-0.019637098535895348,-0.03562203049659729,-0.04775453358888626,-0.05280908942222595,-0.06237373128533363,-0.07746359705924988,-0.09132950007915497,-0.10734459012746811,-0.1043776422739029,-0.07800240814685822,-0.04206835478544235,-0.020407192409038544,0.009437083266675472,0.0461636520922184,0.06715818494558334,0.07156281173229218,0.05427053943276405,-0.026785874739289284
0.0,0.0,0.018336758017539978,0.00831268448382616,-0.3158867359161377,-0.2724371552467346,-0.23228225111961365,-0.20238618552684784,-0.12416526675224304,-0.06288862973451614,-0.029064470902085304,-0.007496246136724949,-0.004524216055870056,0.009329181164503098,0.037231430411338806,0.02928946353495121,-0.003191022202372551,-0.049534738063812256,-0.07135649025440216,-0.05497574433684349,-0.03509020060300827,-0.03564636409282684,-0.05469858646392822,-0.08545205742120743,-0.05519239231944084,-0.025672074407339096,-0.0026201314758509398,0.02089371345937252,0.025229057297110558,0.013057289645075798,-0.0011798838386312127,-0.02534446120262146,-0.04690840467810631,-0.06480563431978226,-0.06937460601329803,-0.07272547483444214,-0.08241335302591324,-0.09225422888994217,-0.09954909235239029,-0.10252445936203003,-0.09161757677793503,-0.06443653255701065,-0.04273708909749985,-0.009605270810425282,0.027350090444087982,0.062492355704307556,0.05734677240252495,0.042347170412540436,-0.024837497621774673
0.0,0.0,0.018092844635248184,-0.17358186841011047,-0.28508591651916504,-0.19561734795570374,-0.2380206286907196,-0.1876903772354126,-0.10259957611560822,-0.04871261864900589,-0.026037951931357384,-0.011132660321891308,-0.008262601681053638,-0.018992312252521515,-0.008676552213728428,0.007143485359847546,-0.012118036858737469,-0.03455448895692825,-0.040613967925310135,-0.04067348316311836,-0.039399683475494385,-0.03450176119804382,-0.04220316559076309,-0.05661347880959511,-0.0361267514526844,-0.00855002086609602,0.009743133559823036,0.0051062400452792645,0.004107051528990269,0.006418433040380478,-0.0031978627666831017,-0.016634484753012657,-0.060448288917541504,-0.08178652077913284,-0.08542711287736893,-0.08526007831096649,-0.08145776391029358,-0.08585817366838455,-0.09522486478090286,-0.11100439727306366,-0.10209893435239792,-0.0839298665523529,-0.06650662422180176,-0.03723030164837837,0.01119747944176197,0.03980853781104088,0.035059504210948944,0.018261540681123734,-0.019336435943841934
0.0,0.0,-0.06240458786487579,-0.30326125025749207,-0.2093210518360138,-0.17914897203445435,-0.24428516626358032,-0.1716320961713791,-0.08267630636692047,-0.035186465829610825,-0.027993250638246536,-0.016306405887007713,-0.01220491249114275,-0.03517641872167587,-0.03376956284046173,-0.016907760873436928,-0.013866047374904156,-0.02311447635293007,-0.0331038199365139,-0.03340864181518555,-0.024808382615447044,-0.02129693515598774,-0.02122708596289158,-0.025302991271018982,-0.02187630720436573,-0.018081117421388626,-0.03731400519609451,-0.0314810611307621,0.02169342339038849,0.028410613536834717,0.0267560426145792,0.015687907114624977,-0.05753637105226517,-0.11852152645587921,-0.1020553782582283,-0.08766115456819534,-0.08210717141628265,-0.09102045744657516,-0.10254774242639542,-0.11137044429779053,-0.11438105255365372,-0.10016147792339325,-0.08715152740478516,-0.0670693889260292,-0.020415592938661575,0.015926271677017212,0.011098056100308895,-0.0014091397169977427,-0.02263764478266239
0.0,0.038323067128658295,-0.21586084365844727,-0.3404462933540344,-0.1588122397661209,-0.17941191792488098,-0.2446002960205078,-0.15650056302547455,-0.0654493197798729,-0.03540567308664322,-0.03425457701086998,-0.01981283165514469,-0.02145135961472988,-0.0389774851500988,-0.03959593549370766,-0.024335689842700958,-0.01495292503386736,-0.01797727309167385,-0.02157554402947426,-0.020313745364546776,-0.009073282591998577,-0.004815695341676474,-0.007855595089495182,-0.008912327699363232,-0.026277506723999977,-0.07950297743082047,-0.09414255619049072,0.0066156405955553055,0.0649256780743599,0.09217961877584457,0.09016534686088562,0.06741457432508469,-0.03589262813329697,-0.1524592936038971,-0.13623501360416412,-0.09036324173212051,-0.07394544780254364,-0.08842665702104568,-0.12276239693164825,-0.13081689178943634,-0.11951999366283417,-0.10549584031105042,-0.09933851659297943,-0.09063003957271576,-0.05984035134315491,-0.017424235120415688,-0.010786935687065125,-0.018297085538506508,-0.02914760634303093
0.014596505090594292,-0.007709273602813482,-0.28014588356018066,-0.3061196804046631,-0.11433401703834534,-0.20602262020111084,-0.23790165781974792,-0.14417938888072968,-0.06320735812187195,-0.04990970715880394,-0.037653859704732895,-0.016141211614012718,-0.01765444688498974,-0.035748254507780075,-0.03377395495772362,-0.022719617933034897,-0.018488237634301186,-0.019195154309272766,-0.02325485832989216,-0.022570732980966568,-0.0075495061464607716,0.009823057800531387,0.00790882483124733,-0.008954260498285294,-0.04091807082295418,-0.12775689363479614,-0.08588565140962601,0.05344124510884285,0.10060278326272964,0.12383745610713959,0.12318740040063858,0.10697319358587265,-0.008032257668673992,-0.1593211591243744,-0.16459660232067108,-0.09420914947986603,-0.06495929509401321,-0.08298300206661224,-0.13999994099140167,-0.15457771718502045,-0.128767192363739,-0.10674082487821579,-0.1018872782588005,-0.10053708404302597,-0.08506478369235992,-0.0533662848174572,-0.03150809556245804,-0.029508264735341072,-0.04024314135313034
0.0,0.00027628810494206846,-0.2518516182899475,-0.21380627155303955,-0.07581564038991928,-0.2849564254283905,-0.2459574192762375,-0.13842551410198212,-0.07711093872785568,-0.06413618475198746,-0.04093524441123009,-0.012640195898711681,-0.010134441778063774,-0.024579258635640144,-0.027667270973324776,-0.018311161547899246,-0.017350347712635994,-0.0186623428016901,-0.027452893555164337,-0.029911311343312263,-0.007531940937042236,0.02023158222436905,0.050142109394073486,-0.01779969409108162,-0.04686752334237099,-0.10623005777597427,-0.06367944180965424,0.044156987220048904,0.0963711068034172,0.08435045182704926,0.10153848677873611,0.09606391191482544,0.02375074103474617,-0.11544427275657654,-0.14141671359539032,-0.08168570697307587,-0.0562228225171566,-0.10773598402738571,-0.17017386853694916,-0.16482661664485931,-0.13032622635364532,-0.11953752487897873,-0.12470618635416031,-0.11559192836284637,-0.09355177730321884,-0.08085785806179047,-0.057433728128671646,-0.05190393701195717,-0.03995554894208908
0.0,0.0,-0.17226140201091766,-0.21277883648872375,-0.0450415164232254,-0.3221113085746765,-0.30928030610084534,-0.1472768634557724,-0.09462914615869522,-0.07487824559211731,-0.04411320760846138,0.0013994885375723243,8.353876182809472e-05,-0.01717270165681839,-0.02359013818204403,-0.010453698225319386,-0.008553018793463707,-0.016775544732809067,-0.0346212275326252,-0.03264009207487106,-0.00011311182606732473,0.009243633598089218,0.09038945287466049,0.01772497594356537,-0.011348693631589413,-0.03258788213133812,-0.002695469418540597,0.042966168373823166,0.07918898016214371,0.006831367965787649,0.009377303533256054,0.06805095821619034,0.022138230502605438,-0.04632999375462532,-0.0758998915553093,-0.043262798339128494,0.007493101060390472,-0.16749140620231628,-0.21852463483810425,-0.13145789504051208,-0.08085310459136963,-0.1206202581524849,-0.1803440898656845,-0.1635933667421341,-0.12215032428503036,-0.09813454002141953,-0.08564341068267822,-0.07073734700679779,-0.06769345700740814
0.0,0.0,0.0,-0.18822205066680908,-0.12319672107696533,-0.32295459508895874,-0.39955779910087585,-0.16718271374702454,-0.11049671471118927,-0.08434758335351944,-0.05549761280417442,-0.00504953833296895,0.02693416178226471,0.0023711607791483402,-0.015971098095178604,-0.01651415042579174,-0.01192046981304884,-0.019062485545873642,-0.033899545669555664,-0.009561272338032722,0.025453079491853714,0.027371957898139954,0.02478988654911518,0.06698580831289291,0.07204513996839523,0.07074256986379623,0.09239993989467621,0.1407679319381714,0.08404936641454697,-0.09883996844291687,-0.15982197225093842,-0.02613464556634426,-0.015670714899897575,-0.0052910009399056435,-0.0076728705316782,-0.024769946932792664,0.09771718829870224,-0.047927651554346085,-0.2983669340610504,-0.0731179490685463,-0.001756995334289968,-0.10247459262609482,-0.2169189602136612,-0.22281140089035034,-0.16765697300434113,-0.14005908370018005,-0.12178125977516174,-0.09451691806316376,-0.08871093392372131
0.0,0.0,0.0,-0.004126916639506817,-0.19554802775382996,-0.3449505567550659,-0.41044294834136963,-0.18752308189868927,-0.12645842134952545,-0.08801079541444778,-0.062062885612249374,-0.01709514856338501,0.03303908929228783,0.017542460933327675,-0.008920424617826939,-0.00374776148237288,-0.007993810810148716,-0.00853800494223833,-0.009566031396389008,0.011617965064942837,0.04868863895535469,0.06251434236764908,0.08883798122406006,0.13819456100463867,0.14979922771453857,0.08508353680372238,0.0702814981341362,0.06492217630147934,0.0,0.0,0.0,0.0,0.0,0.005104724783450365,0.0,0.0008511671330779791,0.0,-0.02311810664832592,-0.17261089384555817,-0.05749286711215973,0.004262880887836218,-0.0793112963438034,-0.17735426127910614,-0.18932190537452698,-0.18264588713645935,-0.19443565607070923,-0.16823074221611023,-0.11897820234298706,-0.1005220040678978
0.0,0.0,0.0,0.062251172959804535,-0.20175711810588837,-0.4154421091079712,-0.31676551699638367,-0.1886044293642044,-0.13578727841377258,-0.09363748133182526,-0.060569021850824356,-0.04183065891265869,0.03352643549442291,0.02240484207868576,-0.006688731722533703,0.0006937786820344627,-0.007014832925051451,0.013053791597485542,0.027960097417235374,0.0384523905813694,0.0605790875852108,0.08736324310302734,0.13844361901283264,0.24212144315242767,0.02623150683939457,0.007528933230787516,0.005126917734742165,0.0,0.0,0.0,0.0,0.0,0.0,0.0,0.0,0.0,0.0,-0.011005869135260582,-0.046973712742328644,-0.05125584825873375,-0.037072740495204926,-0.005764728877693415,-0.13137510418891907,-0.07546664774417877,-0.15308894217014313,-0.2378108650445938,-0.22370870411396027,-0.1497776359319687,-0.11312418431043625
0.0,0.0,0.0,0.008325561881065369,-0.1900932788848877,-0.3556691110134125,-0.19799359142780304,-0.15552332997322083,-0.1289459764957428,-0.0970628559589386,-0.0566728301346302,-0.04039684310555458,-0.010800670832395554,0.0349467471241951,0.008670659735798836,-0.025012342259287834,-0.031901001930236816,0.01902155950665474,0.07891278713941574,0.07606712728738785,0.0881752148270607,0.1318558007478714,0.16659241914749146,0.07196706533432007,0.0,0.0,0.0,0.0,0.0,0.0,0.0,0.0,0.0,0.0,0.0,0.0,0.0,0.0,0.0,-0.02793242037296295,0.026502111926674843,0.0,-0.1101861521601677,-0.008361805230379105,-0.10226216167211533,-0.24690529704093933,-0.2528613209724426,-0.1665603518486023,-0.13116326928138733
