currents_20100912.json
{"header": {"parameterCategory":2,"parameterNumber":3,"nx":74,"ny":54,"lo1":22.5,"la1":41.2,"lo2":27.0,"la2":38.2,"dx":0.06164383561643835,"dy":0.05660377358490566,"refTime":"2010-09-12T12:00:00"}, "data":
[rows 21 to 41 of 54, columns 0 to 46 of 74]
0.0,0.0,-0.0010462795617058873,0.0031683489214628935,0.04155656322836876,0.07416629791259766,0.07132075726985931,0.044893428683280945,0.009437867440283298,-0.022751227021217346,-0.042850591242313385,-0.06855905055999756,-0.050727374851703644,-0.06191132962703705,-0.050191160291433334,0.0,0.0,-0.022414226084947586,-0.022414226084947586,-0.003940059803426266,0.024556029587984085,0.015730377286672592,-0.002505525713786483,-0.0028438998851925135,-0.0893918052315712,-0.13746720552444458,-0.18336395919322968,-0.1617761105298996,-0.09486350417137146,-0.10202770680189133,-0.07812374830245972,-0.07419493049383163,-0.07212763279676437,-0.15390115976333618,-0.15663264691829681,-0.14152197539806366,-0.07395920902490616,0.017286697402596474,0.05832158774137497,0.03467356786131859,-0.03139735385775566,-0.015178561210632324,-0.007430866826325655,-0.016191868111491203,-0.02234373800456524,-0.02890484221279621,-0.062140099704265594
0.0,0.0,0.0,0.0020177322439849377,0.028161756694316864,0.06049652025103569,0.06300318241119385,0.039620060473680496,0.00918562151491642,-0.01953066885471344,-0.05858723819255829,-0.09046201407909393,-0.06583132594823837,-0.07447841018438339,-0.06740042567253113,-0.014232325367629528,-0.014232325367629528,-0.0008034332422539592,-0.0008034332422539592,-0.001300424919463694,0.0043110474944114685,-0.002109069377183914,-0.02036074362695217,-0.01897444948554039,-0.1724044531583786,-0.2497449517250061,-0.267293781042099,-0.15124137699604034,-0.06423646956682205,-0.02285745181143284,0.012149722315371037,0.03863583505153656,0.006058043334633112,-0.07571548223495483,-0.14248663187026978,-0.12254134565591812,-0.01360522210597992,0.07016301900148392,0.11372580379247665,0.06956744194030762,-0.013122810050845146,-0.046718090772628784,0.0,0.0,0.0,0.0,-0.001302887569181621
0.0,0.0,0.0,-0.0036610360257327557,-0.007189259864389896,0.0348416343331337,0.03915482386946678,0.013638915494084358,0.008813909254968166,-0.008507417514920235,-0.049726273864507675,-0.09264325350522995,-0.06607241183519363,-0.06036201864480972,-0.08406224846839905,-0.10205474495887756,-0.05981522426009178,-0.01740199513733387,-0.005023339297622442,-0.0014564529992640018,-0.018494246527552605,-0.03933278098702431,-0.0846579298377037,-0.11855847388505936,-0.27162057161331177,-0.25685960054397583,-0.20323660969734192,-0.08763954788446426,-0.038789838552474976,-0.03107960894703865,-0.015953993424773216,-0.018700765445828438,-0.012179777957499027,-0.05377796292304993,-0.043840441852808,-0.019305748865008354,0.04920040816068649,0.11532051116228104,0.1708194613456726,0.1305556297302246,0.025015661492943764,-0.030221816152334213,0.0,0.0,0.0,0.0,-0.001302887569181621
0.0,0.0,0.0,0.0,-0.008190495893359184,0.005865879822522402,0.02535894326865673,0.006322597153484821,0.0041932458989322186,0.020761583000421524,-0.0398758240044117,-0.09181289374828339,-0.10116282850503922,-0.10178545117378235,-0.12939253449440002,-0.12669487297534943,-0.06680349260568619,-0.02417181245982647,0.01444251835346222,0.023449964821338654,0.014325160533189774,-0.009172486141324043,-0.05449763685464859,-0.106719970703125,-0.22094427049160004,-0.16292035579681396,-0.13094981014728546,-0.04341215267777443,-0.03942327946424484,-0.03171304985880852,-0.04907730594277382,-0.046002574265003204,-0.03454841300845146,-0.0031947260722517967,0.0068952227011322975,0.027829833328723907,0.07015277445316315,0.11130785942077637,0.13809338212013245,0.13717207312583923,0.11298985034227371,0.015163657255470753,0.029911626130342484,0.01224288810044527,-0.030951689928770065,-0.030951689928770065,-0.00380420102737844
0.0,0.0,0.0,0.0,0.0,0.0,-0.002760964445769787,-0.0027176893781870604,-0.003149047028273344,0.025242840871214867,-0.019568903371691704,-0.1082393229007721,-0.15926693379878998,-0.1694217175245285,-0.16184990108013153,-0.13406586647033691,-0.06443046778440475,-0.014308294281363487,0.0243060365319252,0.054023295640945435,0.06009228527545929,0.044672831892967224,0.004293182864785194,-0.03722086548805237,-0.058294445276260376,-0.04703092202544212,-0.02976810187101364,-0.010421930812299252,-0.02655683271586895,-0.04753350093960762,-0.06575386226177216,-0.057044629007577896,-0.031153379008173943,0.004556090105324984,0.034980811178684235,0.051562778651714325,0.05439244955778122,0.05650661885738373,0.08476584404706955,0.13560350239276886,0.12967880070209503,0.10917159169912338,0.06071439012885094,0.013489944860339165,-0.02456631325185299,-0.05226829648017883,-0.009016446769237518
0.0,0.0,0.0,0.0,0.0,0.0,-0.008546321652829647,-0.016214607283473015,-0.012976359575986862,-0.00028825958725064993,-0.03842470049858093,-0.10076184570789337,-0.1764429360628128,-0.1996578574180603,-0.18832100927829742,-0.13445214927196503,-0.07530640065670013,-0.017286891117691994,0.026004094630479813,0.055239371955394745,0.06506716459989548,0.06829456984996796,0.04886463284492493,0.04721008986234665,0.037703655660152435,0.026379311457276344,0.012667171657085419,-0.010043556801974773,-0.02932785451412201,-0.04849012941122055,-0.06407306343317032,-0.06411070376634598,-0.03939172998070717,0.004266510251909494,0.0479329414665699,0.0892181545495987,0.07209344208240509,0.048569995909929276,0.04081690311431885,0.04841168224811554,0.06764087826013565,0.07521475106477737,0.06644558161497116,0.050362057983875275,0.02295900136232376,-0.01475511398166418,-0.03297076374292374
0.0,0.0,0.0,0.0,0.0,0.0,-0.008546321652829647,-0.020981360226869583,-0.00950986985117197,-0.008294554427266121,-0.04311390966176987,-0.10392111539840698,-0.16719943284988403,-0.1898983120918274,-0.17680563032627106,-0.12195791304111481,-0.04644525423645973,0.0014003352262079716,0.04783688113093376,0.06331920623779297,0.0678972527384758,0.05893440172076225,0.05968652665615082,0.051515985280275345,0.04516255855560303,0.04193853959441185,0.016875606030225754,-0.0016118396306410432,-0.02297353371977806,-0.04330865293741226,-0.05733006075024605,-0.0644305944442749,-0.05018329620361328,-0.006525053642690182,0.0639842227101326,0.12286179512739182,0.10200982540845871,0.0612269751727581,0.014304384589195251,-0.0019260242115706205,0.015511355362832546,0.02529228664934635,0.05106819421052933,0.051289159804582596,0.04427829012274742,0.01023680716753006,-0.005608316045254469
0.0,0.0,0.0,0.0,0.0,0.0,-0.008291305042803288,-0.02146242931485176,-0.0027119838632643223,-0.017371172085404396,-0.05053801089525223,-0.09933633357286453,-0.14970272779464722,-0.17135010659694672,-0.15245604515075684,-0.1038038581609726,-0.018610529601573944,0.03489178419113159,0.056891217827796936,0.06732165813446045,0.06604627519845963,0.05655284598469734,0.03993256390094757,0.028682580217719078,0.022920232266187668,0.01969621516764164,0.016055157408118248,-0.00013201178808230907,-0.01939193345606327,-0.03972705453634262,-0.050824571400880814,-0.06180423125624657,-0.050242140889167786,-0.006720936857163906,0.06521826982498169,0.14283771812915802,0.11062987148761749,0.06052273511886597,0.010734448209404945,-0.02236361987888813,-0.01819799654185772,0.0017543183639645576,0.03019365668296814,0.036708202213048935,0.03627442568540573,0.026460478082299232,0.01801600120961666
0.0,0.0,0.0,0.0,0.0,0.0,0.0,-0.0004502549709286541,-0.0004502549709286541,-0.009586059488356113,-0.038441672921180725,-0.08308465778827667,-0.13691699504852295,-0.14351658523082733,-0.11384415626525879,-0.055680111050605774,-0.0026356487069278955,0.031774066388607025,0.04424941539764404,0.05496222898364067,0.06210274621844292,0.05237932130694389,0.032795101404190063,0.007380358409136534,-0.015689777210354805,-0.017608709633350372,-0.016482025384902954,-0.02533683553338051,-0.03023325279355049,-0.04181889072060585,-0.04759158939123154,-0.050961267203092575,-0.044654812663793564,-0.0026192758232355118,0.06928137689828873,0.15226152539253235,0.11064908653497696,0.05580758675932884,0.00663326820358634,-0.024443337693810463,-0.012577393092215061,0.010925943031907082,0.035152778029441833,0.034113820642232895,0.023737290874123573,0.00786199513822794,-0.0010542961535975337
0.0,0.0,0.0,0.0,0.0,0.0,0.0,0.0,0.0,-0.006335278041660786,-0.028850188478827477,-0.04968947544693947,-0.10379422456026077,-0.11794551461935043,-0.08546667546033859,-0.05063491314649582,-0.014133304357528687,0.001618158770725131,0.019564257934689522,0.03432227671146393,0.048457808792591095,0.040095116943120956,0.020431244745850563,-0.012818503193557262,-0.03734991326928139,-0.04340947046875954,-0.04407735913991928,-0.04345284402370453,-0.04513958841562271,-0.04076317325234413,-0.04509733244776726,-0.04499855265021324,-0.040682353079319,0.0013531825970858335,0.07010278105735779,0.13676919043064117,0.09709350019693375,0.04350448399782181,0.009373300708830357,-0.014948680996894836,-0.01298204343765974,0.011913183145225048,0.019426856189966202,0.045186083763837814,0.03162349760532379,0.014447699300944805,-0.0020647922065109015
0.0,0.0,0.0,0.0,0.0,0.0,0.0,0.0,0.0,0.0,-0.005440611857920885,-0.015799622982740402,-0.06704133749008179,-0.0828428789973259,-0.0829186737537384,-0.05654595047235489,-0.037795133888721466,-0.03003367781639099,-0.011607741937041283,0.01319792214781046,0.0354762002825737,0.024133678525686264,-0.0015528022777289152,-0.028859447687864304,-0.050161540508270264,-0.06337518990039825,-0.05468970164656639,-0.042732205241918564,-0.03855123370885849,-0.06172938272356987,-0.04894430190324783,-0.04997807368636131,-0.046089671552181244,0.003119950881227851,0.07203955948352814,0.12079013139009476,0.08704205602407455,0.04362188279628754,0.013726869598031044,-0.004825724754482508,-0.004297175444662571,0.00967969186604023,0.01238319557160139,0.052271999418735504,0.054025012999773026,0.036849211901426315,0.00624394416809082
0.0,0.0,0.0,0.0,0.0,0.0,0.0,0.0,0.0,0.0,-0.001335267093963921,-0.006497380323708057,-0.03437124192714691,-0.06471032649278641,-0.07094348967075348,-0.050253335386514664,-0.05527264252305031,-0.05109467729926109,-0.03502633050084114,-0.008157138712704182,0.00855369120836258,-0.00459321029484272,-0.026730887591838837,-0.0378396101295948,-0.04547656327486038,-0.03187791630625725,-0.00688436022028327,-0.005751105956733227,-0.07744628936052322,-0.06892479211091995,-0.019835112616419792,-0.07779619097709656,-0.050528060644865036,0.000987198785878718,0.0630265474319458,0.09222930669784546,0.07456028461456299,0.04194043576717377,0.012148839421570301,-0.008045906201004982,-0.004789616446942091,0.014961808919906616,0.043408311903476715,0.06694778800010681,0.07124993205070496,0.05765509232878685,0.02909993566572666
0.0,0.0,0.0,0.0,0.0,0.0,0.0,0.0019497706089168787,0.006369228474795818,0.0,0.0,0.0,-0.011114557273685932,-0.04485907033085823,-0.06643393635749817,-0.05494314804673195,-0.06709804385900497,-0.06581231951713562,-0.05255380645394325,-0.027803240343928337,-0.021068060770630836,-0.03635908663272858,-0.024306662380695343,-0.013937875628471375,0.003868577303364873,-0.014430658891797066,-0.022591587156057358,-0.05643744766712189,-0.11717062443494797,-0.07838868349790573,-0.06772514432668686,-0.08867494016885757,-0.042891792953014374,0.0033637976739555597,0.05913754925131798,0.0816829577088356,0.06548499315977097,0.04531274363398552,0.017213232815265656,0.005260266363620758,0.019376661628484726,0.03912808746099472,0.0650879517197609,0.08309434354305267,0.08594350516796112,0.06810039281845093,0.03917887434363365
0.0,0.0,0.0,0.0,0.0,0.0,-0.0008563467999920249,0.0010934238089248538,0.01667979173362255,0.003989249002188444,0.000239767279708758,-0.010459992103278637,-0.004940737504512072,-0.021629853174090385,-0.04320472106337547,-0.06446579843759537,-0.07620139420032501,-0.075192391872406,-0.08520971983671188,-0.03710854426026344,-0.03909623995423317,-0.045853883028030396,-0.03650771826505661,0.004087152425199747,0.05165532976388931,0.019102303311228752,-0.038918230682611465,-0.10224327445030212,-0.13118155300617218,-0.13740777969360352,-0.12674424052238464,-0.0977439284324646,-0.03672952577471733,0.024297893047332764,0.06424947082996368,0.07952556014060974,0.06627990305423737,0.050446517765522,0.028207670897245407,0.02298198640346527,0.03831954300403595,0.060556866228580475,0.08534307032823563,0.09989190101623535,0.09624920040369034,0.077793188393116,0.04904519021511078
0.0,0.0,0.0,0.0,0.0,-0.018958253785967827,-0.016331743448972702,0.0038206714671105146,0.042893752455711365,0.015264886431396008,-0.012972629629075527,-0.03458516299724579,-0.004940737504512072,0.0,-0.030931279063224792,-0.08972733467817307,-0.08097516000270844,-0.12221451848745346,-0.12019997090101242,-0.027891987934708595,-0.02839312143623829,-0.037559203803539276,-0.03252978250384331,0.0011566405883058906,0.004175473470240831,-0.026671836152672768,-0.0751529186964035,-0.1201959177851677,-0.14890794456005096,-0.15565849840641022,-0.13663068413734436,-0.06620331853628159,0.0025656556244939566,0.059649668633937836,0.09511566162109375,0.09044336527585983,0.07137361168861389,0.05378391966223717,0.04140029475092888,0.04088617116212845,0.056234393268823624,0.07842477411031723,0.10276003181934357,0.11354474723339081,0.10784734785556793,0.08954977244138718,0.062003765255212784
0.0,0.0,0.0,0.0,0.0,-0.011291093192994595,-0.011291093192994595,0.008158475160598755,0.06244529411196709,0.017001118510961533,0.0003495405544526875,-0.015248917043209076,-0.004940737504512072,-0.02398962713778019,-0.09614460170269012,-0.03428437188267708,-0.06091075763106346,-0.1274792104959488,-0.11114580929279327,-0.010327707976102829,-0.010548362508416176,-0.010548362508416176,-0.02580210193991661,-0.020221691578626633,-0.05361856892704964,-0.09591329842805862,-0.09105250984430313,-0.13129441440105438,-0.16734258830547333,-0.17546221613883972,-0.11496888101100922,-0.04644311964511871,0.026385033503174782,0.08403416723012924,0.12020142376422882,0.1069587916135788,0.07934746891260147,0.05394952744245529,0.03506261482834816,0.0317813977599144,0.045641589909791946,0.06489719450473785,0.092072032392025,0.1122337356209755,0.12591473758220673,0.10982943326234818,0.09194766730070114
0.0,0.0,0.0,0.0,0.0,0.0,0.0,0.0,0.05022987723350525,0.041109900921583176,0.013323011808097363,-0.008584207855165005,-0.014955367892980576,-0.0376516617834568,-0.08800701051950455,-0.02885977178812027,-0.0660543292760849,-0.11848289519548416,-0.12078094482421875,-0.009288781322538853,-0.011101721785962582,-0.015096458606421947,-0.027147680521011353,-0.03959975391626358,-0.08526001870632172,-0.09861923009157181,-0.09375844150781631,-0.15664079785346985,-0.18629293143749237,-0.1680275946855545,-0.10514312237501144,-0.03915584459900856,0.029665939509868622,0.08906726539134979,0.1287810206413269,0.11212345957756042,0.0737086609005928,0.03611522912979126,0.017102010548114777,0.010801445692777634,0.019322998821735382,0.04947260394692421,0.07838975638151169,0.10853226482868195,0.14261266589164734,0.14193499088287354,0.13565397262573242
0.0,0.0,0.0,0.0,0.0,0.0,0.0,0.0,0.0,0.031111134216189384,0.016098627820611,-0.03227845951914787,-0.05914107710123062,-0.03455197438597679,-0.040240854024887085,-0.0737554058432579,-0.05887686833739281,-0.06533194333314896,-0.05920461565256119,-0.031047120690345764,-0.04542817175388336,-0.05475252494215965,-0.0588550828397274,-0.05487938970327377,-0.06769955903291702,-0.06938877701759338,-0.09687304496765137,-0.20640777051448822,-0.2122509479522705,-0.17227935791015625,-0.10567793250083923,-0.046501897275447845,0.01685968041419983,0.07783188670873642,0.12176688760519028,0.1068994402885437,0.06489217281341553,0.021390890702605247,-0.01456525269895792,-0.027948234230279922,-0.01449514925479889,0.017310699447989464,0.06229570508003235,0.11101707071065903,0.1574184149503708,0.1876993477344513,0.19651763141155243
0.0,0.0,0.0,0.0,0.0,0.0,0.0,0.0,0.0,-0.022089490666985512,-0.030118899419903755,-0.009849376045167446,-0.017819389700889587,-0.022296492010354996,-0.025861674919724464,-0.04012452811002731,-0.12002573907375336,-0.07699016481637955,-0.06407785415649414,-0.02548535168170929,-0.025220267474651337,-0.03199738636612892,-0.03338569402694702,-0.03624391928315163,-0.053880248218774796,-0.06973563134670258,-0.10420815646648407,-0.21520280838012695,-0.23216967284679413,-0.18542702496051788,-0.11287999153137207,-0.05445965752005577,-0.0020954166539013386,0.029261449351906776,0.07018734514713287,0.08322726935148239,0.04085328429937363,-0.003645236138254404,-0.043609604239463806,-0.05153002589941025,-0.022233759984374046,0.011384190991520882,0.06629478186368942,0.11185001581907272,0.1562662422657013,0.19701896607875824,0.22247838973999023
0.0,0.0,0.0,0.0,0.0,0.0,0.0,-0.0025715185329318047,-0.004858650732785463,-0.01079646497964859,-0.008954007178544998,0.0,0.0,0.0,0.0,-0.012228545732796192,-0.1171438917517662,-0.1018633171916008,-0.06553135067224503,-0.026460938155651093,-0.021601596847176552,-0.00598532659932971,-0.007373634725809097,-0.021417133510112762,-0.05157763510942459,-0.06743301451206207,-0.10692556947469711,-0.21562212705612183,-0.24643221497535706,-0.21112865209579468,-0.1281297504901886,-0.07494097948074341,-0.017464639618992805,0.002517563058063388,0.027702810242772102,0.041857633739709854,0.007994070649147034,-0.029984641820192337,-0.06994900852441788,-0.07181913405656815,-0.03766703978180885,0.01090318150818348,0.06061071157455444,0.10502412170171738,0.1419309377670288,0.18268367648124695,0.2256152480840683
0.0,0.0,0.0,0.0,0.0,0.0,-2.621421117510181e-05,-0.0024568394292145967,-0.013138074427843094,-0.0048304470255970955,-0.0009955085115507245,-0.0009955085115507245,-0.0009955085115507245,0.0,0.0,-0.012228545732796192,-0.10655553638935089,-0.10396838933229446,-0.0703306570649147,-0.033798374235630035,-0.02309933491051197,-0.0013370944652706385,0.008416016586124897,-0.01088933926075697,-0.052243053913116455,-0.07644304633140564,-0.116581991314888,-0.20960523188114166,-0.28905022144317627,-0.250418096780777,-0.15469717979431152,-0.10993348807096481,-0.03473390266299248,0.0,-0.0025176377967000008,-0.014877576380968094,-0.04092453420162201,-0.07008540630340576,-0.08956345915794373,-0.07910754531621933,-0.04305785894393921,0.000601376814302057,0.044262927025556564,0.08809563517570496,0.12236209958791733,0.1571943312883377,0.1981431394815445
