currents_20100916.json
{"header": {"parameterCategory":2,"parameterNumber":2,"nx":74,"ny":54,"lo1":22.5,"la1":41.2,"lo2":27.0,"la2":38.2,"dx":0.06164383561643835,"dy":0.05660377358490566,"refTime":"2010-09-16T12:00:00"}, "data":
[rows 21 to 41 of 54, columns 0 to 46 of 74]
0.0,0.0,0.0037935981526970863,0.010196685791015625,0.026504987850785255,0.01885024458169937,0.0030814027413725853,-0.02617424912750721,-0.033154990524053574,-0.026579905301332474,-0.002560860477387905,0.03513141721487045,0.07668723911046982,0.06650122255086899,0.06075527146458626,0.024358199909329414,0.020617101341485977,0.0030023944564163685,0.012518269009888172,0.0015614117728546262,0.01655634120106697,0.015842776745557785,-0.016039511188864708,0.0,0.0,-0.0098863011226058,0.00439808052033186,0.005046200938522816,-0.023795057088136673,-0.07582289725542068,-0.1642642617225647,-0.2638121545314789,-0.3225536644458771,-0.2935146391391754,-0.28410735726356506,-0.17776569724082947,-0.17397955060005188,-0.13805890083312988,-0.17360953986644745,-0.16865460574626923,-0.1565152257680893,-0.11027128994464874,-0.06591309607028961,-0.05722174420952797,-0.06258276104927063,-0.06574895977973938,-0.08090674877166748
0.0,0.0,0.0006863977177999914,0.0019585806876420975,-0.0011534019140526652,-0.007396450731903315,-0.02586720883846283,-0.0656328797340393,-0.07878924906253815,-0.07646748423576355,-0.060685236006975174,-0.036389559507369995,0.03457976505160332,0.071690633893013,0.08915750682353973,0.07686106860637665,0.025839023292064667,0.0,0.00012009066267637536,0.00012009066267637536,0.023193374276161194,-0.00856355857104063,-0.0855076014995575,-0.009855728596448898,0.01760058104991913,0.00670086732134223,-0.038925349712371826,-0.10048867017030716,-0.14719605445861816,-0.20600084960460663,-0.2891460657119751,-0.3331698179244995,-0.32142308354377747,-0.25599101185798645,-0.16341519355773926,-0.12898574769496918,-0.1630459427833557,-0.21305890381336212,-0.2411467581987381,-0.2256922572851181,-0.17577017843723297,-0.09601136296987534,-0.014993804506957531,-0.004242587834596634,-0.005056857131421566,-0.005056857131421566,-0.005056857131421566
0.0,0.0,0.0,-0.0009086386417038739,-0.011513624340295792,0.013520247302949429,-0.0006030554068274796,-0.02768579311668873,-0.04959680140018463,-0.03080218844115734,-0.012359296903014183,-0.016502367332577705,0.0032495451159775257,-0.002187359845265746,0.01886562816798687,0.021329745650291443,4.967954373569228e-05,-0.027245594188570976,-0.07286550849676132,-0.13075150549411774,-0.1599980741739273,-0.19486083090305328,-0.2160910665988922,-0.17667652666568756,-0.16928508877754211,-0.1518220156431198,-0.18150940537452698,-0.20817066729068756,-0.2309671938419342,-0.26230379939079285,-0.243474081158638,-0.22667032480239868,-0.2183956503868103,-0.15585987269878387,-0.0982012078166008,-0.07359260320663452,-0.10053657740354538,-0.16043250262737274,-0.19679971039295197,-0.16890877485275269,-0.11533546447753906,-0.07223663479089737,-0.010751216672360897,0.0,0.0,0.0,0.0
0.0,0.0,0.0,0.0,-0.0084847342222929,0.013861019164323807,0.012810532934963703,0.00924293790012598,-0.014770681038498878,-0.0007704420713707805,-0.05123415216803551,-0.06884235143661499,-0.10522441565990448,-0.08984889835119247,-0.07506602257490158,-0.08052545040845871,-0.1026315987110138,-0.12990842759609222,-0.17552834749221802,-0.231536865234375,-0.33307501673698425,-0.2794506549835205,-0.23480050265789032,-0.234178364276886,-0.22678692638874054,-0.27852609753608704,-0.2712269723415375,-0.2582385241985321,-0.23442135751247406,-0.22128994762897491,-0.1838294118642807,-0.1554863154888153,-0.14164826273918152,-0.1044330894947052,-0.0683315247297287,-0.05111951008439064,-0.0780634805560112,-0.09093450009822845,-0.1333802193403244,-0.10541689395904541,-0.1373678296804428,-0.09426900744438171,-0.05437706783413887,-0.05248862877488136,-0.025459615513682365,-0.025459615513682365,-0.031800057739019394
0.0,0.0,0.0,0.0,0.0,0.000593802600633353,0.009309021756052971,0.035879846662282944,0.008509447798132896,-0.05609039217233658,-0.1410685032606125,-0.2189493030309677,-0.23636312782764435,-0.21496134996414185,-0.19209395349025726,-0.23798862099647522,-0.270783007144928,-0.2966070771217346,-0.30849409103393555,-0.2653055489063263,-0.18833427131175995,-0.11222398281097412,-0.06578674167394638,-0.11548057198524475,-0.2313757687807083,-0.3113241195678711,-0.3118263781070709,-0.268227219581604,-0.21455146372318268,-0.16329343616962433,-0.12017327547073364,-0.11529374867677689,-0.10760970413684845,-0.09496068209409714,-0.07918839901685715,-0.06427048146724701,-0.03705331310629845,-0.02059897407889366,-0.061459802091121674,-0.10939376801252365,-0.1572808027267456,-0.18671546876430511,-0.1724848449230194,-0.1515682488679886,-0.11812697350978851,-0.08672994375228882,-0.11557380110025406
0.0,0.0,0.0,0.0,0.0,0.0,0.010049175471067429,0.04188904911279678,0.05058642476797104,-0.024178551509976387,-0.11158157885074615,-0.1847911775112152,-0.21471638977527618,-0.19969169795513153,-0.18883422017097473,-0.18360473215579987,-0.19125166535377502,-0.18613764643669128,-0.14451244473457336,-0.08759406954050064,-0.035913076251745224,0.037211861461400986,0.04993985593318939,0.04056202247738838,-0.006456325761973858,-0.07900219410657883,-0.23993642628192902,-0.21009604632854462,-0.1555904895067215,-0.10892854630947113,-0.07326937466859818,-0.052514057606458664,-0.04576992616057396,-0.03482966497540474,-0.05047310143709183,-0.06287110596895218,-0.06503299623727798,-0.053910963237285614,-0.012493412010371685,-0.026412520557641983,-0.07526348531246185,-0.12553903460502625,-0.14509320259094238,-0.15190033614635468,-0.1911367028951645,-0.18483519554138184,-0.1997026801109314
0.0,0.0,0.0,0.0,0.0,0.0,0.0071449303068220615,0.03825872763991356,0.05566111579537392,0.004765537567436695,-0.024935303255915642,-0.09740576148033142,-0.13018620014190674,-0.1509133279323578,-0.140055850148201,-0.11911120265722275,-0.11348549276590347,-0.0820755660533905,-0.05984226614236832,-0.006619698833674192,0.048061344772577286,0.07579658180475235,0.09705113619565964,0.11334756761789322,0.12367326021194458,0.008543802425265312,-0.08079984039068222,-0.10775858163833618,-0.058268312364816666,-0.06248313933610916,-0.03280607610940933,-0.008597448468208313,0.005920321214944124,0.005346429999917746,-0.011855397373437881,-0.05161849409341812,-0.05378038436174393,-0.04179779067635536,0.0020071426406502724,-0.012347221374511719,0.003487036097794771,-0.04678850993514061,-0.07835099846124649,-0.11378355324268341,-0.15301990509033203,-0.1785501092672348,-0.18878702819347382
0.0,0.0,0.0,0.0,0.0,0.0,0.0071449303068220615,0.02580174058675766,0.0689069926738739,0.10914937406778336,0.11326899379491806,0.04040355235338211,-0.018778197467327118,-0.039016108959913254,-0.038424693048000336,-0.041079193353652954,-0.05167536810040474,-0.05112971365451813,-0.03880973905324936,-0.013709723949432373,0.00782990362495184,0.034499410539865494,0.06531108170747757,0.10299133509397507,0.15074127912521362,0.18274188041687012,0.17961132526397705,0.06152404099702835,-0.01058571133762598,-0.033314868807792664,0.001563012832775712,0.030895812436938286,0.035180773586034775,0.031201954931020737,0.03488053008913994,-0.008779349736869335,-0.037945397198200226,-0.04857007786631584,-0.03100636973977089,0.010503523983061314,0.03206920996308327,0.03357723727822304,0.011018066667020321,-0.016180872917175293,-0.04318671301007271,-0.06516452133655548,-0.0767388790845871
0.0,0.0,0.0,0.0,0.0,0.0,0.0071449303068220615,0.007939107716083527,0.0110609857365489,0.12584327161312103,0.20062173902988434,0.2115037441253662,0.15884645283222198,0.13400742411613464,0.09734506160020828,0.07935260236263275,0.08175390213727951,0.0814150795340538,0.079530730843544,0.07774392515420914,0.06599297374486923,0.08601488918066025,0.08783932030200958,0.10707498341798782,0.14313633739948273,0.17568758130073547,0.19277121126651764,0.17444661259651184,0.1553860753774643,0.1379726082086563,0.06820187717676163,0.05417853966355324,0.056664250791072845,0.04752567410469055,0.049334850162267685,0.026821577921509743,-0.005547668784856796,-0.03160589188337326,-0.03265751525759697,-0.014044654555618763,-0.007561668753623962,0.010960611514747143,0.0022948719561100006,0.009535054676234722,-0.010768682695925236,-0.005731259007006884,-0.012106451205909252
0.0,0.0,0.0,0.0,0.0,0.0,0.0,0.0,0.0,0.10013341903686523,0.1456083208322525,0.21717119216918945,0.2511102855205536,0.254536896944046,0.21787454187870026,0.2070189118385315,0.20437444746494293,0.20592276751995087,0.1892217993736267,0.16633574664592743,0.1312236338853836,0.1218390092253685,0.11164672672748566,0.11356832087039948,0.1050935611128807,0.13764479756355286,0.16990719735622406,0.20450691878795624,0.22425402700901031,0.17356988787651062,0.12925203144550323,0.1070331484079361,0.07265279442071915,0.06000058352947235,0.05871802940964699,0.0496157631278038,0.02015012316405773,-0.016844293102622032,-0.028473053127527237,-0.025511987507343292,-0.022856904193758965,-0.004334623925387859,-0.0057584079913794994,0.004702371079474688,0.017758702859282494,0.028818221762776375,0.03449956327676773
0.0,0.0,0.0,0.0,0.0,0.0,0.0,0.0,0.0,0.0,0.0264977365732193,0.10840176790952682,0.20240676403045654,0.2727228105068207,0.3157198429107666,0.32479414343833923,0.31738364696502686,0.30041226744651794,0.2687113583087921,0.22473956644535065,0.18271447718143463,0.1495092809200287,0.1251380890607834,0.0979757234454155,0.07644769549369812,0.07303281128406525,0.09002222865819931,0.13326935470104218,0.17424021661281586,0.18985268473625183,0.17330777645111084,0.13904178142547607,0.10012555122375488,0.07093876600265503,0.05973429977893829,0.041922129690647125,0.014152043499052525,-0.010621338151395321,-0.024041881784796715,-0.017121922224760056,-0.010608014650642872,-0.007806736510246992,-0.005995529238134623,0.005866435822099447,0.019265344366431236,0.035771291702985764,0.06101280450820923
0.0,0.0,0.0,0.0,0.0,0.0,0.0,0.0,0.0,0.0,0.0264977365732193,0.03035426326096058,0.08938322961330414,0.16157175600528717,0.21823334693908691,0.2479168325662613,0.2519775629043579,0.2510756850242615,0.22708025574684143,0.20140856504440308,0.17499424517154694,0.145380437374115,0.1108882874250412,0.05639544129371643,0.01967453956604004,0.004840361885726452,0.025050392374396324,0.02914898283779621,0.05744430422782898,0.0590093769133091,0.05006849393248558,0.1090414822101593,0.06782662868499756,0.03745310381054878,0.006256411783397198,0.014282981865108013,-0.0038064278196543455,-0.006634946446865797,-0.020922547206282616,-0.016293248161673546,-0.0023716166615486145,0.008001252077519894,0.03056691400706768,0.048818439245224,0.06367934495210648,0.07738243788480759,0.08091988414525986
0.0,0.0,0.0,0.0,0.0,0.0,0.0036729604471474886,0.005611274857074022,0.008577448315918446,0.013018411584198475,0.004529778845608234,0.0,0.04862701892852783,0.08068070560693741,0.13734230399131775,0.1657261699438095,0.17770914733409882,0.1771720051765442,0.16378556191921234,0.16783498227596283,0.15889081358909607,0.12927699089050293,0.08741385489702225,0.060182638466358185,0.0679665207862854,-0.0012863671872764826,0.0037169717252254486,-0.014913936145603657,-0.05136658996343613,-0.058409228920936584,-0.06680244207382202,-0.008940352126955986,-0.010295379906892776,-0.017324471846222878,-0.02681092359125614,-0.0012256124755367637,0.0031268068123608828,-0.004688735585659742,-0.01676137000322342,-0.010657773353159428,0.012593426741659641,0.034622956067323685,0.06713531166315079,0.09115403890609741,0.10601495206356049,0.10618975013494492,0.09501057863235474
0.0,0.0,0.0,0.0,0.0,-0.0013542049564421177,0.002318755490705371,0.012119116261601448,0.023724202066659927,0.0231756754219532,0.014046651311218739,-0.0005013925838284194,0.0004294118261896074,0.031508758664131165,0.06222022324800491,0.08073338866233826,0.08946529030799866,0.0971902459859848,0.09078795462846756,0.13273727893829346,0.12256050854921341,0.10225556790828705,0.07714176177978516,0.11298543959856033,0.1287536472082138,0.08157730847597122,-0.001033156760968268,-0.0634130910038948,-0.1048174574971199,-0.13938778638839722,-0.16685308516025543,-0.12872464954853058,-0.12701061367988586,-0.10467289388179779,-0.04387743026018143,-0.0039630127139389515,0.0006251487066037953,-0.007201112806797028,-0.015429779887199402,-0.005926615092903376,0.02127477340400219,0.05015460029244423,0.09150554984807968,0.11216992884874344,0.12082470953464508,0.11337542533874512,0.08620372414588928
0.0,0.0,0.0,0.0,0.0,-0.007636529393494129,-0.007446224335581064,0.0021571298129856586,0.001125429174862802,-0.006778848823159933,-0.02060992456972599,0.0025905726943165064,0.0013198824599385262,0.01586104929447174,0.008613500744104385,-0.009829264134168625,0.037661246955394745,0.0570051372051239,0.023265209048986435,0.036449626088142395,0.041959840804338455,0.04241850972175598,0.032026227563619614,0.030480897054076195,0.0013769404031336308,-0.06284075975418091,-0.032335314899683,-0.09531787782907486,-0.12256082892417908,-0.14954636991024017,-0.17245842516422272,-0.1719946265220642,-0.13428285717964172,-0.06023846194148064,-0.03311997279524803,-0.025213781744241714,-0.03159226104617119,-0.038795746862888336,-0.02655874937772751,-0.008381053805351257,0.01426419522613287,0.017652906477451324,0.02473391778767109,0.025340864434838295,0.029445432126522064,0.022391553968191147,0.025806648656725883
0.0,0.0,0.0,0.0,0.0,-0.007636529393494129,-0.007854844443500042,-0.0005565234459936619,0.0017855223268270493,-0.01047483365982771,-0.01467077899724245,0.0015599285252392292,-0.008162718266248703,-0.00948260072618723,-0.020265405997633934,-0.02463976852595806,-0.0069089895114302635,0.0011143556330353022,0.0006736578070558608,0.0046573723666369915,0.008088180795311928,0.008546851575374603,0.027237461879849434,-0.013325575739145279,-0.0839013084769249,-0.10390053689479828,-0.09110505878925323,-0.11163751035928726,-0.10719587653875351,-0.1154322400689125,-0.1407540887594223,-0.12962576746940613,-0.10960106551647186,-0.06213356927037239,-0.04786071926355362,-0.05458948761224747,-0.061067309230566025,-0.05728756636381149,-0.04829419404268265,-0.05283843353390694,-0.04035601019859314,-0.055875059217214584,-0.06122361123561859,-0.06509388238191605,-0.05786413326859474,-0.05545379966497421,-0.04150518774986267
0.0,0.0,0.0,0.0,0.0,0.0,0.0,7.134454790502787e-05,0.004693441558629274,0.0023561229463666677,-0.004517524037510157,-0.004517524037510157,-0.019386501982808113,-0.021375957876443863,-0.021056439727544785,-0.0017887391149997711,-0.010631507262587547,-0.007044997997581959,0.0013448107056319714,-0.00029216179973445833,-0.0005397229688242078,0.02036675438284874,0.04065120965242386,-0.036243125796318054,-0.11497708410024643,-0.1294660121202469,-0.11443114280700684,-0.05601034685969353,-0.055349428206682205,-0.06968750059604645,-0.0896996259689331,-0.05513979494571686,-0.040392834693193436,-0.048752106726169586,-0.07128183543682098,-0.08227834850549698,-0.08096115291118622,-0.08139655739068985,-0.0801447257399559,-0.09930753707885742,-0.12041334807872772,-0.14033789932727814,-0.15421698987483978,-0.15632598102092743,-0.14909623563289642,-0.13462650775909424,-0.11397715657949448
0.0,0.0,0.0,0.0,0.0,0.0,0.0,7.134454790502787e-05,0.0011790067655965686,-0.007978684268891811,-0.023221516981720924,-0.02775426208972931,-0.01387049350887537,-0.006403328385204077,-0.005215503741055727,0.027920544147491455,0.0012891509104520082,-0.0015247265109792352,0.003235389944165945,-0.003068329067900777,-0.020020144060254097,-0.026088915765285492,-0.05571145564317703,-0.08014528453350067,-0.08518455922603607,-0.0362396314740181,0.01010047271847725,-0.028513411059975624,-0.05422116070985794,-0.0744430273771286,-0.03949781134724617,-0.017636142671108246,-0.01647358387708664,-0.04134204983711243,-0.08579523861408234,-0.10810821503400803,-0.11499417573213577,-0.12637832760810852,-0.13657207787036896,-0.15338559448719025,-0.17441421747207642,-0.19541595876216888,-0.217995285987854,-0.2245381474494934,-0.21696659922599792,-0.1979002058506012,-0.16691799461841583
0.0,0.0,0.0,0.0,0.0,0.0,0.0,-0.0005556477117352188,-0.0238731037825346,-0.036833833903074265,-0.01525082066655159,-0.017427241429686546,-0.0099191814661026,-0.002452016109600663,-0.002777257701382041,0.016872651875019073,0.020970027893781662,0.010460465215146542,0.014822568744421005,0.008527684025466442,-0.011027256026864052,-0.012145068496465683,-0.02612016350030899,-0.047131847590208054,-0.03653315454721451,0.012411769479513168,0.035055726766586304,0.03300749137997627,0.025517597794532776,-0.0036990949884057045,0.011981536634266376,0.017416929826140404,0.0011850083246827126,-0.030316470190882683,-0.056793488562107086,-0.10376039147377014,-0.1319991499185562,-0.14415864646434784,-0.16083772480487823,-0.1768723577260971,-0.19790098071098328,-0.21591182053089142,-0.23878826200962067,-0.24924254417419434,-0.2653374671936035,-0.2505050301551819,-0.22556950151920319
0.0,0.0,-0.005289767868816853,-0.003653964027762413,0.0,0.0,0.0,-0.0005556477117352188,-0.03655359894037247,-0.024776440113782883,0.0,0.0,0.0,0.0,0.0,0.0,0.012100638821721077,0.025641974061727524,0.03013773262500763,0.025684276595711708,0.012310669757425785,0.01513693481683731,0.029926763847470284,0.007259642705321312,0.023834064602851868,0.0345170795917511,0.04441414028406143,0.08384968340396881,0.079835906624794,0.08443377912044525,0.0506674125790596,0.02495553530752659,0.007658164948225021,-0.001654579071328044,-0.018088877201080322,-0.07706209272146225,-0.1078411340713501,-0.14654982089996338,-0.16606034338474274,-0.1815141886472702,-0.19474825263023376,-0.20942313969135284,-0.2321503758430481,-0.25800368189811707,-0.28044044971466064,-0.28319913148880005,-0.26740989089012146
0.0,0.0,-0.009743547067046165,-0.024811895564198494,-0.0017695111455395818,0.0,0.0,-0.0005556477117352188,-0.0011206255294382572,-0.0036310148425400257,0.0,0.0,0.0,0.0,0.0,0.0,0.009487491101026535,0.028548283502459526,0.044719256460666656,0.0557083897292614,0.04822282865643501,0.04856100305914879,0.05196520313620567,0.07737056165933609,0.09591618180274963,0.10705938190221786,0.11481879651546478,0.10559917241334915,0.07218899577856064,0.060504648834466934,0.05596445873379707,0.041414160281419754,0.016607817262411118,0.0,-0.002998954616487026,-0.022563111037015915,-0.058724209666252136,-0.11296884715557098,-0.1446136087179184,-0.16136008501052856,-0.1713310331106186,-0.1798873394727707,-0.19286805391311646,-0.21948787569999695,-0.2501589357852936,-0.2703864276409149,-0.30010879039764404
