currents_20100916.json
{"header": {"parameterCategory":2,"parameterNumber":2,"nx":74,"ny":54,"lo1":22.5,"la1":41.2,"lo2":27.0,"la2":38.2,"dx":0.06164383561643835,"dy":0.05660377358490566,"refTime":"2010-09-16T12:00:00"}, "data":
[rows 0 to 20 of 54, columns 0 to 46 of 74]
0.0,0.0,0.0,0.0,0.0,0.0,0.0,0.0,0.0,0.0,0.0,0.0,0.0,0.0,0.0,0.0,0.0,0.0,0.0,0.0,0.0,0.0,0.0,0.0,0.0,0.0,0.0,0.0,0.0,0.0,0.0,0.0,0.0,0.0,0.0,0.0,0.0,0.0,0.0,0.0,0.0,0.0,0.0,0.0,0.0,0.0,0.0
0.0,0.0,0.0,0.0,0.0,0.0,0.0,0.0,0.0,0.0,0.0,0.0,0.0,0.0,0.0,0.0,0.0,0.0,0.0,0.0,0.0,0.0,0.0,0.0,0.0,0.0,0.0,0.0,0.0,0.0,0.0,0.0,0.0,0.0,0.0,0.0,0.0,0.0,0.0,0.0,0.0,0.0,0.0,0.0,0.0,0.0,0.0
0.0,0.0,0.0,0.0,0.0,0.0,0.0,0.0,0.0,0.0,0.0,0.0,0.0,0.0,0.0,0.0,0.0,0.0,0.0,0.0,0.0,0.0,0.0,0.0,0.0,0.0,0.0,0.0,0.0,0.0,0.0,0.0,0.0,0.0,0.0,0.0,0.0,0.0,0.0,0.0,0.0,0.0,0.0,0.0,0.0,0.0,0.0
0.0,0.0,0.0,0.0,0.0,0.0,0.0,0.0,0.0,0.0,0.0,0.0,0.0,0.0,0.0,0.0,0.0,0.0,0.0,0.0,0.0,0.0,0.0,0.0,0.0,0.0,0.0,0.0,0.0,0.0,0.0,0.0,1.8395649021840654e-05,0.0,0.0,0.0,0.0,0.0,0.0,0.0,0.0,0.0026124233845621347,0.0026124233845621347,0.0026124233845621347,0.0,0.0,0.0
0.0,0.0,0.0,0.0,0.0,0.0,0.0,0.0,0.0,0.0,0.0,0.0,0.0,0.0,0.0,0.0,0.0,0.0,0.0,0.0,0.0,0.0,0.0,0.0,0.0,0.0,0.0,0.0,0.0,0.0,0.0,0.0,0.0002460037067066878,0.0002304653899045661,0.0,0.0,0.0,0.0,0.0,0.0,0.0,0.01122355181723833,0.04964365065097809,0.024818310514092445,0.0,0.0,0.0
0.0,0.0,0.0,0.0,0.0,0.0,0.0,0.0,0.0,0.0,0.0,0.0,0.0,0.0,0.0,0.0,0.0,0.0,0.0,0.0,0.0,0.0,0.0,0.0,0.0,0.0,0.0,0.0,0.0,0.0,0.0,0.0035640080459415913,0.01144520752131939,0.029827861115336418,0.04241904988884926,0.0,0.0,0.0,0.02987854555249214,0.04444177448749542,0.1140419989824295,0.12526555359363556,0.1631830632686615,0.156358003616333,0.12764431536197662,0.12749162316322327,0.10850190371274948
0.0,0.0,0.0,0.0,0.0,0.0,0.0,0.0,0.0,0.0,0.0,0.0,0.0,0.0,0.0,0.0,0.0,0.0,0.0,0.0,0.0,0.0,0.0,0.0,0.0,0.0,0.0,0.0,0.003882204182446003,0.0026824793312698603,0.005854939576238394,0.028718750923871994,0.05985314026474953,0.0856243148446083,0.1056661605834961,0.026452215388417244,0.0,0.022400610148906708,0.0875692367553711,0.1682208925485611,0.23988260328769684,0.29454684257507324,0.3127536177635193,0.3277113139629364,0.3304232954978943,0.3161431550979614,0.26147592067718506
0.0,0.0,0.0,0.0,0.0,0.0,0.0,0.0,0.0,0.0,0.0,0.0,0.0,0.0,0.0,0.0,0.0,0.0,0.0,0.0,0.0,0.0,0.0,0.0,0.0,0.0,0.0,0.0,0.02807585895061493,0.040787048637866974,0.09425195306539536,0.10154107958078384,0.11376027017831802,0.1088915467262268,0.07418742775917053,0.01714656502008438,0.023513779044151306,0.08945778757333755,0.128078892827034,0.153169184923172,0.22239848971366882,0.29272782802581787,0.3373737037181854,0.3502320945262909,0.3485969603061676,0.324486643075943,0.2913489043712616
0.0,0.0,0.0,0.0,0.0,0.0,0.0,0.0,0.0,0.0,0.0,0.0,0.0,0.0,0.0,0.0,0.0,0.0,0.0,0.0,0.00015315323253162205,0.003457302926108241,0.003887493396177888,0.017370212823152542,0.05557805672287941,0.05557805672287941,0.10928354412317276,0.11025082319974899,0.11993502080440521,0.16456815600395203,0.17454791069030762,0.1647104173898697,0.07729668915271759,0.06283237040042877,0.03588428720831871,0.01714656502008438,0.0499500036239624,0.07249906659126282,0.1058928444981575,0.1773902177810669,0.19116882979869843,0.26043444871902466,0.2833450138568878,0.29158031940460205,0.2848080098628998,0.288337767124176,0.26580294966697693
0.0,0.0,0.0,0.0,0.0,0.0,0.0,0.0,0.0,0.0,0.0,0.0,0.0,0.0,0.0,0.0,0.0,0.0,0.0,0.0,0.0012750832829624414,0.004579233005642891,0.005180251318961382,0.040242742747068405,0.08931899070739746,0.14921443164348602,0.23283305764198303,0.23581558465957642,0.24782995879650116,0.24379149079322815,0.22715888917446136,0.17529796063899994,0.07871448248624802,0.004311821423470974,9.112974657909945e-05,0.0,0.0,0.019369229674339294,0.06121686473488808,0.1379900574684143,0.18771392107009888,0.1821793019771576,0.1710478663444519,0.17955568432807922,0.18893010914325714,0.20307523012161255,0.19008690118789673
0.0,0.0,0.0,0.0,0.0,0.0,0.0,0.0,0.0,0.0,0.0,0.0,0.0,0.0,0.0,0.0,0.0,0.0,0.0,0.0,0.0,0.0017435705522075295,-0.0013958519557490945,-0.015897123143076897,0.02642030641436577,0.06611306965351105,0.11727678775787354,0.1462813764810562,0.17075753211975098,0.17355690896511078,0.1703147292137146,0.14761504530906677,0.10365954786539078,0.07781869918107986,9.112974657909945e-05,0.0,0.0,0.02562769688665867,0.10845904797315598,0.06531795859336853,0.07956693321466446,0.04616520553827286,0.020158477127552032,0.013001634739339352,0.008448579348623753,0.014807811938226223,0.05079090595245361
0.0,0.0,0.0,0.0,0.0,6.113190920586931e-06,-0.0027034059166908264,-0.005274697672575712,-0.002782943658530712,0.0,0.0,0.0,0.0,0.0,0.0,0.0,0.0,0.0,0.0,0.0,0.0,0.0,-0.0030640875920653343,-0.013584740459918976,-0.021397436037659645,0.018295330926775932,0.025184117257595062,0.055033087730407715,0.07966835796833038,0.09982893615961075,0.0993792936205864,0.08686647564172745,0.08715759962797165,0.061316754668951035,0.016568180173635483,0.01742047630250454,0.01742047630250454,0.04743625968694687,0.05143893137574196,-0.004927914589643478,-0.046327151358127594,-0.07972988486289978,-0.10001294314861298,-0.10430381447076797,-0.10135690122842789,-0.08807782828807831,-0.04743092879652977
0.0,0.0,0.0,0.001977774081751704,0.001977774081751704,0.0006380830891430378,-0.0020714360289275646,-0.009494783356785774,-0.002782943658530712,0.0,0.0,0.0,0.0,0.0,0.0,0.0,0.0,0.0,0.0,0.0,0.0,0.0,0.00018111991812475026,0.0002547462354414165,-0.011948752216994762,-0.028536461293697357,-0.04853823035955429,-0.02306034229695797,-0.009765751659870148,0.00898811500519514,0.01749127171933651,0.026406746357679367,0.025925057008862495,0.027249962091445923,0.01906866580247879,0.020470822229981422,0.00386476400308311,-0.007132197730243206,-0.07315116375684738,-0.13171149790287018,-0.17586909234523773,-0.20748083293437958,-0.21962089836597443,-0.22013330459594727,-0.203592449426651,-0.16538521647453308,-0.12546761333942413
0.0,0.0,0.0018735891208052635,0.010878116823732853,0.019038498401641846,0.007817655801773071,-0.0018988747615367174,-0.0018988747615367174,-0.0018988747615367174,0.0,0.0,0.0,0.0,0.0,0.0,0.0,0.0,0.0,0.0,0.0,0.0,0.0,0.00018111991812475026,0.0014011507155373693,0.00405557407066226,-0.018007338047027588,-0.08395181596279144,-0.1160004734992981,-0.11243849247694016,-0.09755972772836685,-0.08567873388528824,-0.07795039564371109,-0.062255650758743286,-0.044149015098810196,-0.05230007693171501,-0.07737234234809875,-0.12958994507789612,-0.1746034324169159,-0.23170766234397888,-0.2843974530696869,-0.32878246903419495,-0.36373192071914673,-0.38389715552330017,-0.3668408989906311,-0.32981550693511963,-0.26338985562324524,-0.18925553560256958
0.0,0.0,-0.002146809594705701,0.0036201118491590023,0.010414772666990757,0.0002578787098173052,0.021907998248934746,0.02079988829791546,0.0,0.0,0.0,0.0,0.0,0.0,0.0,0.0,0.0,0.0,0.0,0.0,0.0,0.0,0.0,0.0005697934539057314,0.003047255566343665,-0.0011345455422997475,-0.058388784527778625,-0.10991012305021286,-0.11659983545541763,-0.16453717648983002,-0.1253470778465271,-0.10775049030780792,-0.08884880691766739,-0.08196286857128143,-0.10214614868164062,-0.14400075376033783,-0.20648731291294098,-0.2419932782649994,-0.28642764687538147,-0.31344443559646606,-0.3578294515609741,-0.3738085627555847,-0.3877719044685364,-0.36750638484954834,-0.32023775577545166,-0.24239015579223633,-0.16088123619556427
0.0,0.0,-0.002146809594705701,-0.004983850289136171,-0.002405476523563266,0.02543262206017971,0.04228881374001503,0.04868615046143532,0.017790960147976875,0.009923106990754604,0.0,0.0,0.0,0.0,0.0,0.0,0.0,0.0,0.0,0.0,0.0005710329278372228,0.0034239450469613075,0.0034239450469613075,0.0053090900182724,0.01377587579190731,0.009594074450433254,-0.004109816625714302,-0.059027060866355896,-0.11596015095710754,-0.17921209335327148,-0.12854263186454773,-0.09419932216405869,-0.07427932322025299,-0.07414348423480988,-0.11095662415027618,-0.1620611995458603,-0.18906550109386444,-0.22360002994537354,-0.2510353922843933,-0.27155834436416626,-0.2873738706111908,-0.29785117506980896,-0.30848535895347595,-0.29166650772094727,-0.28547853231430054,-0.20557045936584473,-0.12695221602916718
0.0,0.0,-0.0005218476289883256,0.001124096685089171,0.009603554382920265,0.02745128609240055,0.04372670128941536,0.075318343937397,0.09817773848772049,0.0733419880270958,0.033521220088005066,0.0,0.0,0.0,0.0,0.0,0.0,0.0,0.0,0.0,0.001900363015010953,0.00818550493568182,0.015751542523503304,0.053508490324020386,0.06279541552066803,0.057462308555841446,0.039442278444767,0.0014881236711516976,-0.012098565697669983,-0.05315322428941727,-0.09518812596797943,-0.05742942541837692,-0.025256440043449402,-0.012037433683872223,-0.03268751502037048,-0.057540081441402435,-0.04998397454619408,-0.043344058096408844,-0.06462100148200989,-0.09545906633138657,-0.11829176545143127,-0.1355382204055786,-0.16275614500045776,-0.18797627091407776,-0.22658370435237885,-0.2244548797607422,-0.25816312432289124
0.0,0.0,-0.002977068768814206,-0.004294831305742264,-0.001730260904878378,0.007423905655741692,0.029713362455368042,0.05224199965596199,0.08754361420869827,0.1192636787891388,0.07604111731052399,0.05898478627204895,0.03290180116891861,0.03290180116891861,0.0017356118187308311,0.005011324305087328,0.021479597315192223,0.021479597315192223,0.022448332980275154,0.004589538089931011,0.0002441985998302698,0.006929126568138599,0.007466527167707682,0.029144590720534325,0.04062148928642273,0.034384701400995255,0.040382228791713715,0.02343536913394928,0.020777937024831772,0.0,-0.03939298912882805,-0.023505091667175293,-0.001074432977475226,0.016156040132045746,0.054114263504743576,0.07824034243822098,0.06858731806278229,0.09945334494113922,0.10180072486400604,0.07864899933338165,0.06367167830467224,0.02001776359975338,-0.019132401794195175,-0.0718093141913414,-0.1285996437072754,-0.1755027025938034,-0.24792267382144928
0.0,0.0,-0.002977068768814206,-0.009406505152583122,-0.009604047052562237,-0.003232996677979827,0.006348625291138887,0.025279860943555832,0.0570058673620224,0.08872592449188232,0.1085306704044342,0.10085783153772354,0.06710264086723328,0.03308546915650368,0.0017356118187308311,0.007084926124662161,0.022227684035897255,0.029025491327047348,0.023983675986528397,0.0004353621043264866,0.00248627713881433,-0.0005616511916741729,-0.0016525342362001538,0.0071967546828091145,0.010753965936601162,0.023062851279973984,0.04209812730550766,0.056745387613773346,0.03249957039952278,0.011721632443368435,0.000506182957906276,-0.018700726330280304,0.0037299329414963722,0.0147335734218359,0.0757000744342804,0.11506328731775284,0.10392918437719345,0.11164983361959457,0.14736801385879517,0.1736697554588318,0.146163210272789,0.13461756706237793,0.08820397406816483,0.02962902933359146,-0.031864188611507416,-0.11694016307592392,-0.21880050003528595
0.0,0.0,-0.0029722806066274643,-0.009391616098582745,-0.007895332761108875,0.00030723679810762405,0.009923904202878475,0.017812376841902733,0.033717669546604156,0.05649765953421593,0.07334334403276443,0.08079839497804642,0.061300087720155716,0.030178532004356384,0.0008641871972940862,0.0008641871972940862,0.006252896972000599,0.004702688194811344,-0.005667569115757942,0.007893892005085945,0.004086541943252087,0.0,0.0008778275223448873,0.0008778275223448873,0.0006733254413120449,0.013451270759105682,0.04346202686429024,0.08919881284236908,0.06906148791313171,0.03830437362194061,0.005159963853657246,-0.025611698627471924,-0.04336265102028847,-0.05793433636426926,-0.041632238775491714,-0.05621218681335449,-0.07780887931585312,-0.0776589885354042,-0.021091708913445473,0.062242284417152405,0.09682977944612503,0.12192285060882568,0.11464081704616547,0.07113491743803024,0.005264908075332642,-0.09069383889436722,-0.18918448686599731
0.0,0.0,0.0037935981526970863,0.0044240886345505714,0.01774081401526928,0.02291705459356308,0.0071482122875750065,0.0008916377555578947,0.007856431417167187,0.019594885408878326,0.04361392930150032,0.06928408890962601,0.06931821256875992,0.054946936666965485,0.02090030163526535,0.0,0.0006770975887775421,-0.0029529109597206116,0.006330322939902544,0.003748443443328142,0.004334011115133762,0.009744362905621529,0.0,0.0,-0.0006546544609591365,0.005958946421742439,0.028909584507346153,0.04759705439209938,0.046905145049095154,0.01257721520960331,-0.0662650614976883,-0.1508752405643463,-0.20622175931930542,-0.22509537637233734,-0.21718838810920715,-0.13582150638103485,-0.15192992985248566,-0.11600927263498306,-0.10847118496894836,-0.05589333549141884,-0.04375395178794861,-0.012595594860613346,0.003575756447389722,-0.02095700614154339,-0.07211868464946747,-0.08478159457445145,-0.13329468667507172
