currents_20100911.json
{"header": {"parameterCategory":2,"parameterNumber":3,"nx":74,"ny":54,"lo1":22.5,"la1":41.2,"lo2":27.0,"la2":38.2,"dx":0.06164383561643835,"dy":0.05660377358490566,"refTime":"2010-09-11T12:00:00"}, "data":
[rows 21 to 41 of 54, columns 0 to 46 of 74]
0.0,0.0,0.0011983986478298903,0.03065107949078083,0.10254805535078049,0.11979185789823532,0.11440563946962357,0.09425825625658035,0.054778050631284714,0.021798187866806984,0.001302902353927493,-0.009735769592225552,0.007408859673887491,0.02351229637861252,0.017595745623111725,0.0,0.0,0.002123689278960228,0.002123689278960228,0.051226284354925156,0.09931006282567978,0.09921938180923462,0.037282224744558334,-0.002910420298576355,-0.0914827287197113,-0.1098024919629097,-0.1341482400894165,-0.10186965763568878,-0.07781190425157547,-0.1197124719619751,-0.10027958452701569,-0.027449175715446472,0.062227699905633926,0.07613176107406616,0.05913474038243294,-0.004586946684867144,-0.020949458703398705,-0.005604981444776058,0.039743516594171524,0.05637050047516823,0.023600006476044655,0.012856200337409973,0.006707477383315563,0.029472338035702705,0.035004206001758575,0.011707623489201069,-0.02004832960665226
0.0,0.0,0.0,0.0160575769841671,0.10213630646467209,0.11518961936235428,0.12083545327186584,0.1038244441151619,0.0664997324347496,0.035382576286792755,0.011797278188169003,-0.005688345059752464,0.0027264710515737534,0.02865769900381565,0.03664011508226395,0.005557465832680464,0.005557465832680464,-0.0031481401529163122,-0.0031481401529163122,-0.002120069693773985,0.07196130603551865,0.08373299986124039,0.059102386236190796,-0.006091078277677298,-0.15933002531528473,-0.22144706547260284,-0.21444079279899597,-0.13186608254909515,-0.06540407985448837,-0.024623433127999306,0.006523453630506992,0.025839442387223244,0.04298802465200424,0.05689208582043648,0.06425875425338745,0.03282729536294937,0.02124183066189289,0.04586099460721016,0.08251982927322388,0.08726420253515244,0.04727375507354736,0.005160756409168243,0.0,0.0,0.0,0.0,-0.00346927996724844
0.0,0.0,0.0,0.00669216038659215,0.04383545741438866,0.08989038318395615,0.11106995493173599,0.0968327596783638,0.06290032714605331,0.040739934891462326,0.024455543607473373,0.01057716179639101,-0.007089531049132347,0.01421787403523922,0.03809146583080292,0.03985053300857544,0.009946725331246853,-0.0158908199518919,-0.023798661306500435,-0.029515480622649193,0.0021208706311881542,0.03579903021454811,0.03545818105340004,-0.029084589332342148,-0.15671247243881226,-0.1857559233903885,-0.1546144187450409,-0.08181239664554596,-0.028875360265374184,-0.0031675444915890694,0.01783711649477482,0.017502551898360252,0.019795849919319153,0.03315533325076103,0.04911596328020096,0.05576174333691597,0.0645177885890007,0.11102624237537384,0.16268493235111237,0.18531683087348938,0.10196151584386826,0.021850628778338432,0.0,0.0,0.0,0.0,-0.00346927996724844
0.0,0.0,0.0,0.0,0.014971748925745487,0.03451238572597504,0.10070334374904633,0.09212083369493484,0.05123274400830269,0.05589614808559418,0.05131305754184723,0.03610837087035179,-0.006523913238197565,0.00015266731497831643,0.003199166152626276,0.004830318968743086,-0.020406503230333328,-0.04333385080099106,-0.011820807121694088,-0.0076430793851614,0.024481618776917458,0.04282025992870331,0.042479414492845535,5.642938776873052e-05,-0.10121636092662811,-0.09259582310914993,-0.09391368925571442,-0.04041626304388046,-0.010549354366958141,0.015158461406826973,0.011577527970075607,0.008332864381372929,0.013980787247419357,0.039229489862918854,0.05630837380886078,0.06959516555070877,0.09187950938940048,0.12630493938922882,0.15323525667190552,0.192311629652977,0.19035480916500092,0.08609927445650101,0.05664750561118126,0.023185934871435165,-0.024834929034113884,-0.024834929034113884,-0.006578439846634865
0.0,0.0,0.0,0.0,0.0,0.0,0.03181169554591179,0.0745190754532814,0.030437180772423744,0.048982396721839905,0.06059003248810768,0.056704651564359665,-0.01098324079066515,-0.04039999470114708,-0.04809419810771942,-0.05242769420146942,-0.06765582412481308,-0.03637665510177612,-0.004863614682108164,0.033600468188524246,0.0658150464296341,0.08331393450498581,0.0784531682729721,0.05593596026301384,0.019778242334723473,-0.0007096213521435857,-0.008869950659573078,-0.0033135428093373775,0.013749037869274616,0.011298841796815395,0.007235486060380936,0.001984824426472187,0.021925106644630432,0.04615947976708412,0.07088141143321991,0.08630688488483429,0.09064920991659164,0.09315895289182663,0.11408623307943344,0.17288990318775177,0.18280702829360962,0.17817799746990204,0.1115458607673645,0.022110840305685997,-0.010854839347302914,-0.041756901890039444,-0.01057863887399435
0.0,0.0,0.0,0.0,0.0,0.0,0.011313332244753838,0.0268583782017231,0.016857368871569633,0.030696941539645195,0.043857917189598083,0.046956900507211685,-0.010036864317953587,-0.06239721551537514,-0.0812440738081932,-0.08785424381494522,-0.06327345222234726,-0.014797734096646309,0.026899101212620735,0.06780331581830978,0.09037639945745468,0.1115744486451149,0.11391454190015793,0.11446623504161835,0.0947551354765892,0.06634166836738586,0.043741580098867416,0.01508630346506834,0.010762233287096024,0.004067804664373398,0.002442555269226432,0.009237835183739662,0.020895332098007202,0.04468991979956627,0.07347279787063599,0.11247663199901581,0.10182463377714157,0.0885259136557579,0.0895087942481041,0.07883494347333908,0.09664720296859741,0.11689737439155579,0.10660496354103088,0.09017538279294968,0.06843346357345581,0.02083667553961277,-0.02896266058087349
0.0,0.0,0.0,0.0,0.0,0.0,0.011313332244753838,0.004189006052911282,0.010088573209941387,0.016738105565309525,0.012585465796291828,0.013365759514272213,-0.01881885714828968,-0.05729241669178009,-0.07055456936359406,-0.0696561336517334,-0.03600267693400383,0.01003376767039299,0.05906952545046806,0.08978904783725739,0.10528680682182312,0.10443975031375885,0.11555211246013641,0.1139819547533989,0.1023787185549736,0.10035756975412369,0.06871988624334335,0.03965914249420166,0.022124970331788063,0.009461823850870132,0.008859589695930481,0.014934034086763859,0.016082676127552986,0.0398772656917572,0.0811891108751297,0.13565008342266083,0.12425808608531952,0.10357696563005447,0.0654584988951683,0.03267279639840126,0.048188935965299606,0.061751481145620346,0.09311601519584656,0.09757852554321289,0.08999183773994446,0.04506176337599754,0.014335216954350471
0.0,0.0,0.0,0.0,0.0,0.0,-0.007377584930509329,-0.017545871436595917,0.0046819038689136505,-0.0027457375545054674,-0.010408145375549793,-0.01153328362852335,-0.022177021950483322,-0.04536718130111694,-0.0498490072786808,-0.04289167746901512,-0.007382837124168873,0.040101055055856705,0.07277868688106537,0.0987391322851181,0.10420821607112885,0.10255315899848938,0.09149477630853653,0.08920983970165253,0.08981212973594666,0.08779098093509674,0.08509711921215057,0.05581552907824516,0.02583339437842369,0.013170248828828335,0.016927391290664673,0.021138692274689674,0.019514761865139008,0.03581611439585686,0.07702802866697311,0.14822502434253693,0.1382504254579544,0.09952761977910995,0.05952025204896927,0.01464398205280304,0.01105718407779932,0.03295889496803284,0.07353776693344116,0.07662486284971237,0.07409626990556717,0.06483759731054306,0.0497005321085453
0.0,0.0,0.0,0.0,0.0,0.0,0.0,0.0007773094112053514,0.0007773094112053514,-0.003038723487406969,-0.013121102936565876,-0.023114768788218498,-0.04287729412317276,-0.04329277202486992,-0.03178345039486885,-0.011097555048763752,0.012000424787402153,0.04382520914077759,0.06717394292354584,0.08836971968412399,0.09521261602640152,0.08872808516025543,0.07166785001754761,0.05269204452633858,0.0441073514521122,0.0484367311000824,0.05447395518422127,0.04404411464929581,0.0193052738904953,0.009228798560798168,0.014288101345300674,0.02698405273258686,0.02562260627746582,0.04009643569588661,0.07766605913639069,0.15650330483913422,0.14247600734233856,0.09529482573270798,0.03832031786441803,0.005696945823729038,-0.00039973040111362934,0.02942161075770855,0.09466901421546936,0.05782390013337135,0.04728107526898384,0.036972567439079285,0.03191244602203369
0.0,0.0,0.0,0.0,0.0,0.0,0.0,0.0,0.0,-0.0026462506502866745,-0.009706396609544754,-0.02193918265402317,-0.03884478658437729,-0.03596525266766548,-0.02040541172027588,-0.0052524954080581665,0.009591083973646164,0.028744308277964592,0.05485658347606659,0.07688863575458527,0.08508072793483734,0.07122930139303207,0.0540444478392601,0.025218885391950607,0.009938349947333336,0.009280468337237835,0.014574230648577213,0.01236297469586134,0.00017912870680447668,0.0011525396257638931,0.005413484759628773,0.015156734734773636,0.020433789119124413,0.034907616674900055,0.07508987933397293,0.15525013208389282,0.1347852200269699,0.07270098477602005,0.02000182494521141,0.012517903000116348,-0.0021240694914013147,0.033628325909376144,0.05055272579193115,0.06373194605112076,0.044019248336553574,0.029776189476251602,0.01977340690791607
0.0,0.0,0.0,0.0,0.0,0.0,0.0,0.0,0.0,0.0,-0.006200220435857773,-0.017535492777824402,-0.033815737813711166,-0.03048407845199108,-0.014970646239817142,-0.002917793346568942,0.0019091353751718998,0.014653678983449936,0.03930168226361275,0.06407202780246735,0.07394810765981674,0.05788089334964752,0.03185553848743439,0.0005004389677196741,-0.020385010167956352,-0.02507910318672657,-0.014022375456988811,-0.009344691410660744,-0.00021132768597453833,-0.016393940895795822,-0.01694917492568493,-0.011774797923862934,-0.005035169422626495,0.032887015491724014,0.07320891320705414,0.14783768355846405,0.10792262107133865,0.05736136808991432,0.01307616289705038,0.025286415591835976,0.003862611949443817,0.010957167483866215,0.014898440800607204,0.05536361411213875,0.05878012627363205,0.04453706741333008,0.018639223650097847
0.0,0.0,0.0,0.0,0.0,0.0,0.0,0.0,0.0,0.0,-0.0015216947067528963,-0.0069344863295555115,-0.03616193309426308,-0.021607467904686928,-0.0020433960016816854,0.011762209236621857,-0.008643907494843006,0.0037947893142700195,0.026716873049736023,0.04842808097600937,0.061557836830616,0.0410337932407856,0.009344402700662613,-0.023110471665859222,-0.032990679144859314,-0.021876275539398193,-0.001767766079865396,-0.0013244453584775329,-0.03943309560418129,-0.035705674439668655,-0.013498326763510704,-0.06138820946216583,-0.039495572447776794,0.011716529726982117,0.07641678303480148,0.11417212337255478,0.08061438798904419,0.03789646178483963,0.006240880582481623,-0.0040032644756138325,-0.0017800865462049842,0.018959680572152138,0.04801007732748985,0.07758080959320068,0.08299815654754639,0.07015212625265121,0.042227938771247864
0.0,0.0,0.0,0.0,0.0,0.0,0.0,-0.00034551852149888873,-0.0011286898516118526,0.0,0.0,0.0,-0.011654292233288288,-0.00963869784027338,-0.01430955808609724,-0.0033988477662205696,-0.018239829689264297,-0.004612412303686142,0.013006606139242649,0.03345898911356926,0.033466700464487076,0.006536983419209719,-0.004562214948236942,-0.01600840874016285,0.031233632937073708,-0.0034100175835192204,-0.01910215988755226,-0.0477202944457531,-0.07434317469596863,-0.04800914227962494,-0.06246335431933403,-0.08955429494380951,-0.048721376806497574,-0.0030309963040053844,0.05908855050802231,0.09362120181322098,0.06652742624282837,0.04274673014879227,0.012960342690348625,0.004413092974573374,0.018703369423747063,0.039443135261535645,0.07387267053127289,0.09475194662809372,0.09765423089265823,0.07687196135520935,0.04959451034665108
0.0,0.0,0.0,0.0,0.0,0.0,0.005541056860238314,0.005195538513362408,0.004408197943121195,-0.000565261289011687,9.918373689288273e-05,-0.01269944105297327,-0.0059985327534377575,-0.011618255637586117,-0.016289114952087402,-0.02028319612145424,-0.014182204380631447,-0.0032878571655601263,-0.006883949041366577,0.02838144451379776,0.012175279669463634,-0.015057536773383617,-0.02340632863342762,-0.0039681182242929935,0.10994932800531387,0.07035914063453674,-0.024154186248779297,-0.07559524476528168,-0.09139333665370941,-0.10934395343065262,-0.12379816174507141,-0.1144121065735817,-0.06057121232151985,0.0035589439794421196,0.05353468284010887,0.08260814845561981,0.07071089744567871,0.05122929438948631,0.027330974116921425,0.021519342437386513,0.03797132894396782,0.06217459589242935,0.09590499848127365,0.10975880175828934,0.10147726535797119,0.08033948391675949,0.054252807050943375
0.0,0.0,0.0,0.0,0.0,-0.011546196416020393,0.00023534224601462483,0.020044470205903053,0.02128918655216694,0.006612016819417477,-0.016193214803934097,-0.041989728808403015,-0.0059985327534377575,0.0,-0.024175794795155525,-0.06703099608421326,-0.003167311428114772,-0.023662030696868896,-0.020967787131667137,0.04682651162147522,0.021974392235279083,-0.011228043586015701,-0.024801360443234444,0.0016579971415922046,0.008887572214007378,-0.0006576478481292725,-0.03045502118766308,-0.061881840229034424,-0.10404454916715622,-0.14090463519096375,-0.15882571041584015,-0.10455834865570068,-0.036267783492803574,0.028744753450155258,0.07804926484823227,0.08639741688966751,0.0742182582616806,0.05767172947525978,0.04385557770729065,0.04671856388449669,0.06693211197853088,0.09088926762342453,0.11278128623962402,0.11698301136493683,0.10570747405290604,0.08443085849285126,0.05858451873064041
0.0,0.0,0.0,0.0,0.0,-0.0068766456097364426,-0.0068766456097364426,0.008377600461244583,0.04846682399511337,0.007861156947910786,0.00014459328667726368,-0.01851365901529789,-0.0059985327534377575,-0.023418519645929337,-0.08977904915809631,-0.02194116823375225,-0.030408276244997978,-0.010854426771402359,-0.024988822638988495,0.017294492572546005,0.006351863034069538,0.006351863034069538,-0.022559262812137604,-0.021459562703967094,-0.04593471437692642,-0.06456730514764786,-0.05089518055319786,-0.07991910725831985,-0.13356949388980865,-0.17936518788337708,-0.15163028240203857,-0.0796515941619873,-0.006947179324924946,0.0524839349091053,0.09901821613311768,0.0985373705625534,0.08024602383375168,0.06058911606669426,0.046305812895298004,0.044020477682352066,0.060310862958431244,0.07570020109415054,0.09618987143039703,0.10959991067647934,0.12116523087024689,0.10251178592443466,0.08919380605220795
0.0,0.0,0.0,0.0,0.0,0.0,0.0,0.0,0.045798368752002716,0.039403270930051804,0.01406786683946848,-0.012074518948793411,-0.01828625239431858,-0.02287413738667965,-0.07032686471939087,-0.013379816897213459,-0.05794226750731468,-0.027207674458622932,-0.014867930673062801,-0.002630064729601145,-0.0047834101133048534,-0.009528213180601597,-0.019264444708824158,-0.033279404044151306,-0.06948012113571167,-0.07516323029994965,-0.06149109825491905,-0.11825280636548996,-0.17789335548877716,-0.19968660175800323,-0.1513795703649521,-0.06691163033246994,0.005176454782485962,0.06620089709758759,0.10555136203765869,0.10161253809928894,0.07507158815860748,0.0459602065384388,0.03165683150291443,0.0246419757604599,0.029026176780462265,0.05079473927617073,0.07273831963539124,0.09705739468336105,0.1307317018508911,0.1316782385110855,0.13272486627101898
0.0,0.0,0.0,0.0,0.0,0.0,0.0,0.0,0.0,0.03259303793311119,0.013217215426266193,-0.04360058531165123,-0.06979101896286011,-0.009541124105453491,0.008192835375666618,-0.022948050871491432,-0.02633507363498211,-0.004054469987750053,0.005706870928406715,-0.009367448277771473,-0.02644873782992363,-0.03161498159170151,-0.03183913603425026,-0.02948913909494877,-0.045991044491529465,-0.0491175651550293,-0.07659164071083069,-0.18502375483512878,-0.23077167570590973,-0.21291394531726837,-0.14679935574531555,-0.06488283723592758,0.0024002876598387957,0.05955606698989868,0.09885713458061218,0.09700233489274979,0.06541883945465088,0.02860594168305397,-0.0049493382684886456,-0.021591966971755028,-0.018563304096460342,0.0036632574629038572,0.04312749207019806,0.09224522858858109,0.13809412717819214,0.17143985629081726,0.19022181630134583
0.0,0.0,0.0,0.0,0.0,0.0,0.0,0.0,0.0,-0.031900063157081604,-0.0431213341653347,-0.013854100368916988,-0.021624678745865822,-0.025989750400185585,-0.007364025339484215,-0.015123104676604271,-0.061358388513326645,-0.03001934476196766,-0.01892058737576008,0.010498618707060814,0.0030787589494138956,-0.0029152026399970055,-0.00935424119234085,-0.014123205095529556,-0.03811516612768173,-0.058006010949611664,-0.09311985224485397,-0.20709100365638733,-0.2606258690357208,-0.22417515516281128,-0.15516766905784607,-0.09063706547021866,-0.02089548297226429,0.02828238345682621,0.0648365169763565,0.07439969480037689,0.04296135902404785,0.0054342071525752544,-0.03890283405780792,-0.052606742829084396,-0.03193507343530655,-0.007659774739295244,0.04591572657227516,0.09733274579048157,0.14213943481445312,0.1895313262939453,0.2267141193151474
0.0,0.0,0.0,0.0,0.0,0.0,0.0,-0.00953058060258627,-0.01800716482102871,-0.015589051879942417,-0.012928721494972706,0.0,0.0,0.0,0.0,-0.0077583366073668,-0.06760746240615845,-0.04881596937775612,-0.021101711317896843,0.009714661166071892,0.009604381397366524,0.02249569445848465,0.01605665497481823,-0.01148784440010786,-0.050052132457494736,-0.06994297355413437,-0.1086297482252121,-0.22463418543338776,-0.2865283191204071,-0.24806125462055206,-0.16225573420524597,-0.10043756663799286,-0.031746022403240204,0.003159015905112028,0.03116350807249546,0.033569347113370895,0.008547698147594929,-0.020210446789860725,-0.06454748660326004,-0.07335685938596725,-0.04874319210648537,-0.006495023146271706,0.043126430362463,0.09537893533706665,0.14181622862815857,0.18920812010765076,0.24373260140419006
0.0,0.0,0.0,0.0,0.0,0.0,-9.320023673353717e-05,-0.008781414479017258,-0.04836828261613846,-0.017578497529029846,-0.0005280806799419224,-0.0005280806799419224,-0.0005280806799419224,0.0,0.0,-0.0077583366073668,-0.06760360300540924,-0.05376039817929268,-0.02688821405172348,-0.01051278505474329,0.013111446984112263,0.03130842372775078,0.025272050872445107,-0.020558683201670647,-0.07019432634115219,-0.08206731826066971,-0.11565935611724854,-0.238214373588562,-0.3194425106048584,-0.2775285840034485,-0.16918157041072845,-0.09410499781370163,-0.02874179556965828,0.0,-0.005224819760769606,-0.03087523579597473,-0.04674619436264038,-0.06539508700370789,-0.07843490689992905,-0.07572493702173233,-0.0488600954413414,-0.010474960319697857,0.03397439792752266,0.08665965497493744,0.13426142930984497,0.18255488574504852,0.23345810174942017
