currents_20100916.json
{"header": {"parameterCategory":2,"parameterNumber":2,"nx":74,"ny":54,"lo1":27.46,"la1":47.1,"lo2":42.58,"la2":40.43,"dx":0.20712328767123284,"dy":0.12584905660377363,"refTime":"2010-09-16T12:00:00"}, "data":
[rows 22 to 43 of 54, columns 0 to 48 of 74]
0.0,0.0,0.0,0.0,0.0,0.0,0.024328719824552536,-0.010419761762022972,-0.04798541218042374,-0.01553282793611288,0.027827316895127296,0.05257925018668175,0.031541191041469574,0.02602405846118927,0.019115768373012543,0.009643491357564926,0.0032457001507282257,-0.006109945010393858,-0.039997369050979614,-0.07171076536178589,-0.11893253028392792,-0.17079342901706696,-0.1947438269853592,-0.14817045629024506,-0.07276522368192673,-0.010688375681638718,0.019553357735276222,0.056520696729421616,0.09422887116670609,0.10513221472501755,0.16728349030017853,0.08902131766080856,0.0016040491173043847,-0.13630259037017822,-0.1906338483095169,-0.20988152921199799,-0.1838124543428421,-0.14291150867938995,-0.10206136107444763,-0.07726546376943588,-0.06492755562067032,-0.04362709820270538,-0.01944892667233944,0.0010097435442730784,0.010865647345781326,0.0015316922217607498,-0.014128738082945347,-0.06394845247268677,-0.13986963033676147
0.0,0.0,0.0,0.0,0.0,0.0,0.004199244547635317,-0.02080986090004444,0.005844046361744404,0.05694478377699852,0.06732691079378128,0.021287940442562103,0.022241026163101196,0.01972786895930767,0.023474492132663727,0.01322994939982891,0.004891853779554367,0.02474064566195011,0.008806335739791393,-0.031003279611468315,-0.07347116619348526,-0.11554540693759918,-0.17082479596138,-0.21421180665493011,-0.20214851200580597,-0.17497453093528748,-0.1358821541070938,-0.11571840941905975,-0.12667319178581238,-0.06770165264606476,0.022782111540436745,0.014703905209898949,-0.13016195595264435,-0.1642090529203415,-0.14473547041416168,-0.14061985909938812,-0.143471822142601,-0.1401311159133911,-0.12504103779792786,-0.11124594509601593,-0.09792599827051163,-0.08490945398807526,-0.07600099593400955,-0.0737914890050888,-0.0788123682141304,-0.07577312737703323,-0.09037423133850098,-0.14510728418827057,-0.18239006400108337
0.0,0.0,0.0,0.0,0.0,0.0,0.008688358590006828,-0.012274784967303276,0.03630330413579941,0.07770468294620514,0.06121205538511276,0.020694918930530548,0.026275210082530975,0.032352980226278305,0.047530848532915115,0.06539405882358551,0.05955345928668976,0.04570100083947182,0.04279324412345886,0.0016373504186049104,-0.027632443234324455,-0.07031168788671494,-0.10889141261577606,-0.16512762010097504,-0.21839208900928497,-0.2374589443206787,-0.2529262900352478,-0.2781652510166168,-0.28365105390548706,-0.3094482123851776,-0.32851022481918335,-0.29404279589653015,-0.2550489902496338,-0.170816108584404,-0.11928628385066986,-0.10161169618368149,-0.10119183361530304,-0.11327340453863144,-0.1309647262096405,-0.1285816878080368,-0.12208626419305801,-0.12089800834655762,-0.1287827342748642,-0.13413570821285248,-0.13928526639938354,-0.1376742720603943,-0.15306240320205688,-0.18387222290039062,-0.18394798040390015
0.0,0.0,0.0,0.0,0.0,0.0,0.02279442548751831,0.02583298645913601,0.12338388711214066,0.05797966942191124,-0.010739026591181755,0.014395001344382763,0.04110928997397423,0.061680927872657776,0.0635749101638794,0.07271396368741989,0.09228742122650146,0.09891490638256073,0.06621110439300537,0.03966085985302925,-0.00471739936619997,-0.04291103780269623,-0.08517537266016006,-0.11321203410625458,-0.15765202045440674,-0.20298488438129425,-0.2301630675792694,-0.28455930948257446,-0.35684075951576233,-0.386924684047699,-0.3918747007846832,-0.3440433740615845,-0.2473459392786026,-0.15670982003211975,-0.09658721089363098,-0.058758486062288284,-0.056253522634506226,-0.07789050787687302,-0.11133206635713577,-0.13879996538162231,-0.14268642663955688,-0.14034907519817352,-0.14677877724170685,-0.15764203667640686,-0.16211692988872528,-0.16382142901420593,-0.17347778379917145,-0.1777087152004242,-0.1615467667579651
0.0,0.0,0.0,0.0,0.0,0.0,0.030169259756803513,0.07432835549116135,0.012213475070893764,-0.047028809785842896,-0.007876927964389324,0.02938014082610607,0.048367634415626526,0.06321531534194946,0.0722058117389679,0.07733118534088135,0.08438690751791,0.08843253552913666,0.0865783542394638,0.05994674563407898,0.00040534348227083683,-0.036172617226839066,-0.0665191113948822,-0.09026693552732468,-0.10456737875938416,-0.12987922132015228,-0.15939415991306305,-0.187767893075943,-0.22675657272338867,-0.2704353630542755,-0.28902730345726013,-0.25553420186042786,-0.18572522699832916,-0.1194891408085823,-0.06310994923114777,-0.018574554473161697,-0.006467181257903576,-0.035695575177669525,-0.08482950180768967,-0.1293155997991562,-0.1537548303604126,-0.15713690221309662,-0.14998075366020203,-0.1517709493637085,-0.14996731281280518,-0.13998262584209442,-0.1266767531633377,-0.09839282929897308,-0.08084425330162048
0.0,0.0,0.0,0.0,0.0,0.0,0.02082749269902706,-0.011312496848404408,-0.11274314671754837,-0.04203471168875694,-0.004916996695101261,0.0009270917507819831,0.005789789836853743,0.01543302834033966,0.03385131061077118,0.04734200984239578,0.05351338908076286,0.05431859567761421,0.05175957828760147,0.03646621108055115,-0.006390979513525963,-0.03389897570014,-0.031997647136449814,-0.05573344975709915,-0.07451656460762024,-0.08485822379589081,-0.11219951510429382,-0.13907700777053833,-0.15802840888500214,-0.16832183301448822,-0.16319099068641663,-0.1396007239818573,-0.10604306310415268,-0.06706178188323975,-0.02992309257388115,0.002762249205261469,0.023021578788757324,-0.0018318912480026484,-0.053500618785619736,-0.10915052890777588,-0.141055628657341,-0.16445253789424896,-0.16548283398151398,-0.1452379673719406,-0.11837591230869293,-0.08642469346523285,-0.049696680158376694,-0.017838045954704285,0.015124194324016571
0.0,0.0,0.0,0.0,0.0,0.0,0.003628523787483573,-0.0883941501379013,-0.05681680515408516,-0.03408829867839813,-0.05737810954451561,-0.07489816844463348,-0.073970265686512,-0.04610957205295563,-0.01064708549529314,0.006841838825494051,0.010384808294475079,0.004751170985400677,-0.005481874104589224,-0.01895185559988022,-0.03074869140982628,-0.030342746526002884,-0.017559725791215897,-0.030284086242318153,-0.053341981023550034,-0.057714056223630905,-0.068489670753479,-0.08210606127977371,-0.09592361748218536,-0.10916642099618912,-0.11200256645679474,-0.10151325166225433,-0.07667101174592972,-0.04366542398929596,-0.014096252620220184,0.01225242204964161,0.023136822506785393,0.01616370491683483,-0.01694318652153015,-0.06390666961669922,-0.10571654140949249,-0.1375054121017456,-0.14344221353530884,-0.1322181522846222,-0.10790246725082397,-0.06139928102493286,-0.0023650501389056444,0.05342104285955429,0.08330875635147095
0.0,0.0,0.0,0.0,0.0,0.0,-0.033817972987890244,-0.07344477623701096,-0.05586974695324898,-0.0829823762178421,-0.10867676883935928,-0.10927176475524902,-0.10164247453212738,-0.09641226381063461,-0.0705430805683136,-0.06129179522395134,-0.05390084534883499,-0.05886431783437729,-0.07256941497325897,-0.08210459351539612,-0.06125068664550781,-0.03211231157183647,-0.023155059665441513,-0.02821786142885685,-0.031669288873672485,-0.03794855251908302,-0.035862937569618225,-0.038290925323963165,-0.029726773500442505,-0.03178413584828377,-0.036782097071409225,-0.03170162811875343,-0.0136814434081316,-0.0024482114240527153,-0.009031749330461025,0.002033383585512638,0.016320504248142242,0.025987299159169197,0.012415645644068718,-0.02160722017288208,-0.05669150874018669,-0.09178496152162552,-0.11549334228038788,-0.10273358225822449,-0.083454929292202,-0.0460720956325531,0.00555481156334281,0.06049339100718498,0.1041615754365921
0.0,0.0,0.0,-0.0001289488427573815,0.010795393958687782,0.0023593981750309467,-0.11781154572963715,-0.09057722985744476,-0.10183481872081757,-0.12403879314661026,-0.11705545336008072,-0.10581360012292862,-0.10190539062023163,-0.11612628400325775,-0.13225041329860687,-0.13853669166564941,-0.13445228338241577,-0.13152745366096497,-0.14374227821826935,-0.12108385562896729,-0.08246205747127533,-0.025453398004174232,-0.02858038991689682,-0.03507386893033981,-0.03347201645374298,-0.0322868749499321,-0.02118321694433689,-0.007797134108841419,0.008647577837109566,0.02692694216966629,0.04119089990854263,0.04353850707411766,0.036452844738960266,0.02641773596405983,0.02070470340549946,0.000856815546285361,0.0037311934866011143,0.018516257405281067,0.026881810277700424,0.007651246152818203,-0.01897229626774788,-0.038761455565690994,-0.06471098214387894,-0.07580967247486115,-0.06259487569332123,-0.03574967011809349,0.0019908903632313013,0.039388928562402725,0.06794993579387665
0.0,0.0,0.0,0.0029947638977319,0.07953054457902908,-0.04839272424578667,-0.1001458466053009,-0.10802841931581497,-0.1422276794910431,-0.11972911655902863,-0.08118254691362381,-0.065788134932518,-0.08140750974416733,-0.11600950360298157,-0.17328478395938873,-0.1940177083015442,-0.19661295413970947,-0.19817127287387848,-0.19362568855285645,-0.14312393963336945,-0.07595951855182648,-0.04287227988243103,-0.04424962401390076,-0.04239073023200035,-0.04289684444665909,-0.02703637070953846,-0.004789268597960472,0.017682882025837898,0.03927835449576378,0.06412214785814285,0.08010448515415192,0.0830310508608818,0.06776051968336105,0.05210511013865471,0.03727537393569946,0.02986353449523449,0.005251635797321796,0.015131639316678047,0.03259614482522011,0.03324553743004799,0.013277610763907433,-0.0034187377896159887,-0.021152708679437637,-0.04135502129793167,-0.051955778151750565,-0.03431927040219307,-0.018491270020604134,-0.0030435642693191767,0.022419968619942665
0.0,0.0,0.007431246805936098,0.07437712699174881,-0.015585792250931263,-0.16106821596622467,-0.104218989610672,-0.12187720090150833,-0.1225668340921402,-0.0846586525440216,-0.05349590629339218,-0.04635100066661835,-0.06304049491882324,-0.1015024334192276,-0.15522164106369019,-0.2066015601158142,-0.21925483644008636,-0.21095947921276093,-0.17841020226478577,-0.12086305022239685,-0.061740342527627945,-0.051150642335414886,-0.031472645699977875,-0.0236528180539608,-0.017185162752866745,0.0052798232063651085,0.0223323255777359,0.04613369330763817,0.06813345104455948,0.08236997574567795,0.08765573054552078,0.08796287328004837,0.07913868129253387,0.06500445306301117,0.048886820673942566,0.038657356053590775,0.03586921840906143,0.028661565855145454,0.03925218805670738,0.04918985813856125,0.047666650265455246,0.029568416997790337,0.005296177230775356,-0.0178380124270916,-0.03974716365337372,-0.04128085449337959,-0.037074245512485504,-0.048393554985523224,-0.0439949668943882
0.0,0.0,0.00789052713662386,0.03948475793004036,-0.16804009675979614,-0.15689268708229065,-0.10026302188634872,-0.10535809397697449,-0.07918386906385422,-0.047777965664863586,-0.03373688831925392,-0.0429360456764698,-0.05546429008245468,-0.0800914317369461,-0.1261192262172699,-0.15386052429676056,-0.19293266534805298,-0.17729295790195465,-0.1317843794822693,-0.07497388869524002,-0.050825875252485275,-0.051278356462717056,-0.033938635140657425,-0.012736265547573566,0.0010690675117075443,0.03207382559776306,0.0683211013674736,0.08354125171899796,0.08048266172409058,0.07349080592393875,0.07857474684715271,0.09405804425477982,0.09973843395709991,0.07998788356781006,0.05444091930985451,0.03788220137357712,0.04218655079603195,0.05253891274333,0.05223466828465462,0.05740843340754509,0.06555357575416565,0.05365527421236038,0.028638789430260658,-0.0011508760508149862,-0.027299540117383003,-0.03914026916027069,-0.03699049726128578,-0.05904082953929901,-0.07356879860162735
0.0,0.0,0.003466891823336482,-0.10805810242891312,-0.1608116775751114,-0.09315963089466095,-0.07991897314786911,-0.0733012855052948,-0.046494606882333755,-0.023925984278321266,-0.02184261940419674,-0.04000577703118324,-0.05819053202867508,-0.06907086819410324,-0.08686862140893936,-0.11793537437915802,-0.12240315228700638,-0.10720693320035934,-0.0836961641907692,-0.07425280660390854,-0.07369893044233322,-0.06288494914770126,-0.047071196138858795,-0.00981141347438097,0.027075577527284622,0.04862208664417267,0.06456246227025986,0.03788071498274803,0.00955181010067463,0.023518357425928116,0.0531756691634655,0.08052504807710648,0.12192877382040024,0.12301957607269287,0.07966238260269165,0.05317578837275505,0.04018058255314827,0.04081696271896362,0.04781705141067505,0.06440859287977219,0.0703316405415535,0.06411172449588776,0.04804256558418274,0.02541082352399826,-0.01098571065813303,-0.02679705061018467,-0.028127243742346764,-0.0482320636510849,-0.059726860374212265
0.0,0.002673771232366562,0.038186803460121155,-0.09443595260381699,-0.08734435588121414,-0.05004211515188217,-0.053554683923721313,-0.045307084918022156,-0.024191157892346382,-0.008673734962940216,-0.020512262359261513,-0.04062065854668617,-0.06088971719145775,-0.06553426384925842,-0.06613639742136002,-0.08083422482013702,-0.08873150497674942,-0.08085478097200394,-0.0720570981502533,-0.05889583379030228,-0.039263997226953506,-0.02378190867602825,-0.006578346248716116,0.029107943177223206,0.059684235602617264,0.058685701340436935,0.004344979301095009,-0.0633741244673729,-0.02955295704305172,0.021180927753448486,0.08488081395626068,0.1488257497549057,0.1582346260547638,0.16926656663417816,0.1324467808008194,0.08196558803319931,0.06875991821289062,0.06614074110984802,0.05592937394976616,0.05187170207500458,0.0674472525715828,0.0697573646903038,0.06960485130548477,0.06150462105870247,0.025022413581609726,-0.011274024844169617,-0.019808653742074966,-0.02435901015996933,-0.0350620336830616
0.0,0.04836462810635567,0.03127288818359375,-0.06092798709869385,-0.04710535332560539,-0.04030034318566322,-0.03848474100232124,-0.028279181569814682,-0.017763866111636162,-0.027002988383173943,-0.044051967561244965,-0.05309616029262543,-0.06049373745918274,-0.06591681391000748,-0.06099628657102585,-0.055889684706926346,-0.05715776979923248,-0.05004412680864334,-0.04389156773686409,-0.0415542870759964,-0.03720424696803093,-0.020817168056964874,0.009153345599770546,0.03054727613925934,0.0484650693833828,0.02773931622505188,-0.04561125859618187,-0.045876823365688324,-0.0028906012885272503,0.04985455051064491,0.11294636130332947,0.153492733836174,0.19304858148097992,0.21302689611911774,0.1917973756790161,0.14037677645683289,0.11558924615383148,0.10814249515533447,0.10372375696897507,0.08390330523252487,0.064802385866642,0.06851065158843994,0.08333422243595123,0.09372828155755997,0.07445193827152252,0.027078792452812195,0.0012880697613582015,-0.0023138890974223614,-0.005501074250787497
-0.006963294930756092,0.013027715496718884,-0.10143180191516876,-0.0523095466196537,0.004525922704488039,-0.020039694383740425,-0.03186848387122154,-0.02235514670610428,-0.02547411248087883,-0.0569038912653923,-0.07782325148582458,-0.08187392354011536,-0.07109864056110382,-0.0596412755548954,-0.05041203275322914,-0.04552675411105156,-0.0398879311978817,-0.03280334919691086,-0.027228165417909622,-0.03056429885327816,-0.03394171595573425,-0.012342045083642006,0.02361794002354145,0.044819094240665436,0.029887186363339424,0.024780286476016045,0.027718115597963333,0.04506384953856468,0.03980054333806038,0.03603683039546013,0.03568162024021149,0.05499289557337761,0.09591691941022873,0.16182100772857666,0.20335355401039124,0.2007061094045639,0.1805419623851776,0.1527663618326187,0.14021964371204376,0.13785378634929657,0.11744779348373413,0.10559152066707611,0.1029304713010788,0.11297363042831421,0.11215101927518845,0.08620871603488922,0.04294882342219353,0.02132044918835163,0.024371078237891197
0.0,0.0,-0.021056903526186943,0.013952077366411686,0.08308763056993484,0.1034623235464096,-0.005300223361700773,-0.013769930228590965,-0.02873309887945652,-0.05515043064951897,-0.06821286678314209,-0.06707467883825302,-0.06953518092632294,-0.07151315361261368,-0.06947880983352661,-0.05498658865690231,-0.036616817116737366,-0.02158340811729431,-0.013101340271532536,-0.016923271119594574,-0.021039685234427452,-0.01727915182709694,-0.006386324763298035,0.050590768456459045,0.06118034943938255,0.1002817377448082,0.1906355917453766,0.2583201825618744,0.2589406967163086,0.18891273438930511,0.06648732721805573,-0.01685451716184616,-0.020798133686184883,0.01738026551902294,0.10730315744876862,0.2018880546092987,0.255423903465271,0.25864526629447937,0.2067730724811554,0.16594575345516205,0.17729628086090088,0.19971753656864166,0.20400290191173553,0.17646066844463348,0.13964271545410156,0.12399417161941528,0.09980753064155579,0.06427671015262604,0.036732837557792664
0.0,0.0,0.06973226368427277,0.10459648072719574,0.06003669649362564,0.1669498085975647,0.07840728759765625,0.009863306768238544,-0.012303048744797707,-0.027633896097540855,-0.04197913780808449,-0.0516059473156929,-0.032768070697784424,-0.012068623676896095,-0.01568670943379402,-0.026134533807635307,-0.023246679455041885,-0.01383275631815195,-0.013843288645148277,-0.020600061863660812,-0.0038405705709010363,0.02212001197040081,-0.020570673048496246,-0.05856042355298996,0.009172653779387474,0.09207645058631897,0.18459628522396088,0.25848591327667236,0.33988454937934875,0.4047505855560303,0.35593611001968384,0.1778411865234375,-0.004962868522852659,-0.042661987245082855,0.037396933883428574,0.16733382642269135,0.30024251341819763,0.35572153329849243,0.2859654128551483,0.19174498319625854,0.20803608000278473,0.31009358167648315,0.34133756160736084,0.28471750020980835,0.21413467824459076,0.16281692683696747,0.13330194354057312,0.10054053366184235,0.07201410830020905
0.0,0.0,0.0,0.1930435448884964,0.16132090985774994,0.1348324567079544,0.1604049950838089,0.05170189589262009,0.020228983834385872,0.005311333108693361,-0.010757566429674625,-0.03163280338048935,-0.028351129963994026,-0.014047461561858654,0.005882760044187307,0.009473890997469425,0.001137230428867042,-0.006721279583871365,0.0054010855965316296,0.02756321057677269,0.05021822452545166,0.0782163068652153,0.12790293991565704,0.17707279324531555,0.25349292159080505,0.32543298602104187,0.3867029547691345,0.4263075590133667,0.3676505982875824,0.30411919951438904,0.307393878698349,0.35460877418518066,0.3088715374469757,0.19018127024173737,0.14290893077850342,0.10373895615339279,0.08553852140903473,0.06815412640571594,0.24983564019203186,0.1793161779642105,0.18481417000293732,0.28586211800575256,0.333471417427063,0.32852402329444885,0.2748754620552063,0.22711600363254547,0.1727869212627411,0.1279786229133606,0.09839482605457306
0.0,0.0,0.0,-0.019436324015259743,0.20133596658706665,0.10987169295549393,0.12735244631767273,0.09005100280046463,0.05343228206038475,0.042942553758621216,0.04228511452674866,0.03156062960624695,0.0040309373289346695,-0.0009264163090847433,0.0017447950085625052,0.014042430557310581,0.036996301263570786,0.051666632294654846,0.06874986737966537,0.0985981673002243,0.12406660616397858,0.14547665417194366,0.18760736286640167,0.25584876537323,0.34660404920578003,0.3668603301048279,0.23853443562984467,0.08548592776060104,0.0,0.0,0.0,0.0,0.0,0.00791081227362156,0.0,-0.02844422683119774,0.0,-0.007909657433629036,0.014827885664999485,0.13103090226650238,0.19417084753513336,0.13016463816165924,0.16322463750839233,0.2262447029352188,0.2810068130493164,0.29220178723335266,0.23499006032943726,0.16785356402397156,0.12568162381649017
0.0,0.0,0.0,-0.035161469131708145,0.018570268526673317,0.03160298988223076,0.01825420744717121,0.08860660344362259,0.08738455921411514,0.08735049515962601,0.08398013561964035,0.08621224015951157,0.057900942862033844,0.02844671905040741,0.03858617693185806,0.051172301173210144,0.03516405075788498,0.01572282798588276,0.030355367809534073,0.08233807235956192,0.13107478618621826,0.17246952652931213,0.23159374296665192,0.2937276065349579,0.15492703020572662,0.061653200536966324,0.002450076397508383,0.0,0.0,0.0,0.0,0.0,0.0,0.0,0.0,0.0,0.0,-0.010622520931065083,-0.03484456241130829,0.0607818178832531,0.08227628469467163,0.08114372193813324,0.09288882464170456,0.13026292622089386,0.2847110331058502,0.34988099336624146,0.3074435293674469,0.22315390408039093,0.17253394424915314
0.0,0.0,0.0,-0.035831935703754425,-0.06534761190414429,-0.042793940752744675,-0.05685538798570633,0.09334724396467209,0.1307612508535385,0.14188063144683838,0.15360887348651886,0.15825806558132172,0.1714138239622116,0.12984827160835266,0.0813031867146492,0.11063847690820694,0.10297252982854843,0.07759395241737366,0.0696311891078949,0.1117292121052742,0.18165040016174316,0.2537115514278412,0.29326027631759644,0.057649336755275726,0.0,0.0,0.0,0.0,0.0,0.0,0.0,0.0,0.0,0.0,0.0,0.0,0.0,0.0,0.0,0.010878637433052063,-0.001175355981104076,0.0,-0.002292291959747672,0.11463916301727295,0.2003623992204666,0.2841566503047943,0.30661264061927795,0.26734262704849243,0.2295248657464981
