currents_20100911.json
{"header": {"parameterCategory":2,"parameterNumber":2,"nx":74,"ny":54,"lo1":22.5,"la1":41.2,"lo2":27.0,"la2":38.2,"dx":0.06164383561643835,"dy":0.05660377358490566,"refTime":"2010-09-11T12:00:00"}, "data":
[rows 21 to 41 of 54, columns 0 to 46 of 74]
0.0,0.0,-0.011461381800472736,-0.027776407077908516,-0.04124155640602112,-0.060116246342659,-0.061563629657030106,-0.06302941590547562,-0.057699546217918396,-0.0510731004178524,-0.041493646800518036,-0.03802727162837982,-0.05410069599747658,-0.044635988771915436,-0.0407022088766098,-0.033228639513254166,-0.03290595859289169,-0.006099422927945852,-0.04902241751551628,-0.12014251947402954,-0.15870940685272217,-0.0985315665602684,-0.030440179631114006,0.0,0.0,-0.09015737473964691,-0.2435477077960968,-0.38749557733535767,-0.44940775632858276,-0.45811927318573,-0.39988279342651367,-0.31404268741607666,-0.3200535774230957,-0.3385902941226959,-0.37593796849250793,-0.3027283847332001,-0.2603486180305481,-0.1871137022972107,-0.14009247720241547,-0.10250735282897949,-0.09971609711647034,-0.09891079366207123,-0.11057637631893158,-0.1278679519891739,-0.15927496552467346,-0.17211942374706268,-0.17749913036823273
0.0,0.0,-0.0020737741142511368,-0.002887092065066099,-0.04054946079850197,-0.06448564678430557,-0.0779709741473198,-0.08863374590873718,-0.09177238494157791,-0.09224328398704529,-0.09130629152059555,-0.0911780372262001,-0.10656464099884033,-0.1371615082025528,-0.16263821721076965,-0.11862485110759735,-0.04124041646718979,0.0,-0.009240352548658848,-0.009240352548658848,-0.13174565136432648,-0.18375635147094727,-0.1622784286737442,-0.01870444416999817,-0.12018928676843643,-0.23537784814834595,-0.299845427274704,-0.2952221930027008,-0.2873446047306061,-0.270193487405777,-0.2515410780906677,-0.2482551783323288,-0.25828757882118225,-0.2789006233215332,-0.31081336736679077,-0.3099800646305084,-0.2781161367893219,-0.2184649407863617,-0.14028458297252655,-0.0646950900554657,-0.03035423904657364,-0.01894773542881012,-0.00964424479752779,-0.0084096509963274,-0.013237979263067245,-0.013237979263067245,-0.013237979263067245
0.0,0.0,0.0,-0.002450876869261265,-0.037727564573287964,-0.08384478092193604,-0.1033015176653862,-0.10794445127248764,-0.12443428486585617,-0.1270756870508194,-0.1277681440114975,-0.11421870440244675,-0.12036890536546707,-0.14006751775741577,-0.18858641386032104,-0.20528696477413177,-0.248326376080513,-0.21029844880104065,-0.2759660482406616,-0.2919216752052307,-0.3659389019012451,-0.3827887177467346,-0.37286627292633057,-0.32922235131263733,-0.2655935287475586,-0.3034330904483795,-0.28828489780426025,-0.25956210494041443,-0.23242837190628052,-0.21455495059490204,-0.20496854186058044,-0.21164827048778534,-0.21909412741661072,-0.23898303508758545,-0.24519574642181396,-0.24322152137756348,-0.24066393077373505,-0.22182905673980713,-0.20490147173404694,-0.185058131814003,-0.13969926536083221,-0.05186065658926964,-0.001234594383276999,0.0,0.0,0.0,0.0
0.0,0.0,0.0,0.0,-0.02288592793047428,-0.06808074563741684,-0.08039285242557526,-0.11072909086942673,-0.1295865774154663,-0.13560113310813904,-0.15390048921108246,-0.14085912704467773,-0.13742095232009888,-0.15441974997520447,-0.19524945318698883,-0.2506541311740875,-0.3120192885398865,-0.3424001634120941,-0.4080677628517151,-0.42892199754714966,-0.4312775135040283,-0.44885683059692383,-0.46320220828056335,-0.4716815948486328,-0.4080527722835541,-0.3357728123664856,-0.2627772390842438,-0.22124387323856354,-0.19969743490219116,-0.18290100991725922,-0.18511205911636353,-0.19286774098873138,-0.19253303110599518,-0.1998893916606903,-0.19443748891353607,-0.18058153986930847,-0.17802394926548004,-0.18317092955112457,-0.21219514310359955,-0.20605973899364471,-0.27997103333473206,-0.19213242828845978,-0.1357324868440628,-0.1349799931049347,-0.07805102318525314,-0.07805102318525314,-0.07802711427211761
0.0,0.0,0.0,0.0,0.0,-0.002140371361747384,-0.025774264708161354,-0.09390880912542343,-0.10713565349578857,-0.12803776562213898,-0.15287445485591888,-0.1757567822933197,-0.18013650178909302,-0.19429883360862732,-0.2217831164598465,-0.2677827477455139,-0.29990702867507935,-0.319717675447464,-0.33301734924316406,-0.3421991169452667,-0.34602633118629456,-0.34908220171928406,-0.34949934482574463,-0.34302863478660583,-0.3099437355995178,-0.264617383480072,-0.21607783436775208,-0.18456809222698212,-0.17150209844112396,-0.17374034225940704,-0.19157113134860992,-0.19543690979480743,-0.18916770815849304,-0.17776311933994293,-0.1626306176185608,-0.14251917600631714,-0.13261690735816956,-0.13590160012245178,-0.15957657992839813,-0.24976976215839386,-0.3602587580680847,-0.44512954354286194,-0.439458966255188,-0.40218040347099304,-0.3316155672073364,-0.25366324186325073,-0.25355449318885803
0.0,0.0,0.0,0.0,0.0,0.0,-0.025306884199380875,-0.06980589032173157,-0.07735465466976166,-0.0984940156340599,-0.12320704758167267,-0.16764211654663086,-0.186071515083313,-0.19717629253864288,-0.20061175525188446,-0.22657133638858795,-0.24901290237903595,-0.258254736661911,-0.2506733536720276,-0.2447335571050644,-0.24635770916938782,-0.24889178574085236,-0.25812992453575134,-0.26575443148612976,-0.2609912157058716,-0.21984972059726715,-0.188141867518425,-0.1672532707452774,-0.1570669263601303,-0.1598307192325592,-0.16925062239170074,-0.16585300862789154,-0.1593799591064453,-0.14695721864700317,-0.1450556367635727,-0.13240139186382294,-0.11713694781064987,-0.11614764481782913,-0.11584930121898651,-0.13908065855503082,-0.2429371029138565,-0.30199459195137024,-0.33726686239242554,-0.3322847783565521,-0.36432215571403503,-0.32797932624816895,-0.3188915252685547
0.0,0.0,0.0,0.0,0.0,0.0,-0.003225277177989483,-0.04220402613282204,-0.05058305710554123,-0.07399894297122955,-0.08652916550636292,-0.13041451573371887,-0.15047720074653625,-0.15918020904064178,-0.16261567175388336,-0.16126848757266998,-0.14953389763832092,-0.1504703164100647,-0.1406126320362091,-0.1299089789390564,-0.12822896242141724,-0.13646891713142395,-0.14868810772895813,-0.16576465964317322,-0.18251441419124603,-0.16268371045589447,-0.15588577091693878,-0.14497064054012299,-0.14238113164901733,-0.14856189489364624,-0.151398167014122,-0.1469956785440445,-0.1382606029510498,-0.12794984877109528,-0.1268114298582077,-0.1235007792711258,-0.10823632776737213,-0.09317168593406677,-0.09181518852710724,-0.11344633996486664,-0.13595591485500336,-0.19501341879367828,-0.23373721539974213,-0.2577270269393921,-0.289764404296875,-0.3157085180282593,-0.30960604548454285
0.0,0.0,0.0,0.0,0.0,0.0,-0.003225277177989483,-0.011647106148302555,-0.031378742307424545,-0.03968292102217674,-0.046209290623664856,-0.06536224484443665,-0.09415949136018753,-0.10117337107658386,-0.08993181586265564,-0.06079816445708275,-0.03232956677675247,-0.011266505345702171,0.001002581208012998,0.0060751973651349545,0.004162462893873453,-0.004277283791452646,-0.018554406240582466,-0.044517047703266144,-0.07513289898633957,-0.10062229633331299,-0.11625296622514725,-0.11791073530912399,-0.12101899832487106,-0.1271544247865677,-0.13836248219013214,-0.13511264324188232,-0.12681347131729126,-0.11658989638090134,-0.10737971216440201,-0.10730788111686707,-0.09675642102956772,-0.08555545657873154,-0.09125823527574539,-0.10659992694854736,-0.1236019879579544,-0.13915851712226868,-0.1440628618001938,-0.15884414315223694,-0.18337589502334595,-0.210577592253685,-0.219541534781456
0.0,0.0,0.0,0.0,0.0,0.0,-0.003225277177989483,-0.003583775134757161,-0.005012829322367907,-0.02479332685470581,-0.029311206191778183,-0.032906342297792435,-0.04276121035218239,-0.03766028955578804,-0.03275769576430321,-0.017507001757621765,-0.009804571978747845,0.00819429475814104,0.008833492174744606,0.013079416006803513,0.020545154809951782,0.014666559174656868,0.016820965334773064,0.008305353112518787,-0.018978502601385117,-0.04677078500390053,-0.07075600326061249,-0.08421404659748077,-0.09813104569911957,-0.10620719194412231,-0.11313009262084961,-0.11808903515338898,-0.1103120818734169,-0.10016842186450958,-0.08864707499742508,-0.08228667080402374,-0.08325343579053879,-0.07948807626962662,-0.0833984985947609,-0.07987747341394424,-0.07261066138744354,-0.051112428307533264,-0.08190780133008957,-0.08628221601247787,-0.1057550311088562,-0.1018679291009903,-0.11122685670852661
0.0,0.0,0.0,0.0,0.0,0.0,0.0,0.0,0.0,-0.013074907474219799,-0.01488144975155592,-0.025147203356027603,-0.02450847066938877,-0.020545801147818565,-0.015643209218978882,-0.005511495750397444,-0.0017997223185375333,0.0005253178533166647,-0.004405621904879808,-0.0033194359857589006,-0.003978285472840071,0.0015915819676592946,0.0001144449706771411,-0.005761638283729553,-0.022010255604982376,-0.04980253428220749,-0.06907273083925247,-0.07637102901935577,-0.07566981762647629,-0.0857568085193634,-0.09274856001138687,-0.09840540587902069,-0.10105253010988235,-0.08655354380607605,-0.07120365649461746,-0.06221139430999756,-0.07760723680257797,-0.08426813036203384,-0.08718541264533997,-0.08997350931167603,-0.08910839259624481,-0.06761015206575394,-0.07594337314367294,-0.07286562025547028,-0.04078872501850128,-0.02983768843114376,-0.024177445098757744
0.0,0.0,0.0,0.0,0.0,0.0,0.0,0.0,0.0,0.0,-0.008729529567062855,-0.0357123501598835,-0.037421852350234985,-0.03592456132173538,-0.03305737301707268,-0.021244551986455917,-0.019335882738232613,-0.026404142379760742,-0.036099955439567566,-0.04014736786484718,-0.04615933075547218,-0.05420778691768646,-0.05898064002394676,-0.06889571994543076,-0.0835542231798172,-0.092312291264534,-0.09610190987586975,-0.08731520175933838,-0.07281102985143661,-0.06614483147859573,-0.0757327601313591,-0.08398494124412537,-0.08803554624319077,-0.08268742263317108,-0.0570283941924572,-0.06227950006723404,-0.07975224405527115,-0.09619853645563126,-0.09897638112306595,-0.11915126442909241,-0.13445529341697693,-0.1403685212135315,-0.09541589766740799,-0.06626900285482407,-0.037285566329956055,-0.0017139448318630457,0.032507188618183136
0.0,0.0,0.0,0.0,0.0,0.0,0.0,0.0,0.0,0.0,-0.008729529567062855,-0.010000040754675865,-0.019597850739955902,-0.02195948362350464,-0.031863484531641006,-0.03376786410808563,-0.04115989804267883,-0.054614704102277756,-0.06438551098108292,-0.07808255404233932,-0.09462270140647888,-0.12162645161151886,-0.13890749216079712,-0.15636390447616577,-0.14202125370502472,-0.1086874008178711,-0.026942061260342598,-0.026109332218766212,-0.03779827430844307,-0.04974202811717987,-0.023104263469576836,-0.09787330031394958,-0.09443777054548264,-0.0852246880531311,-0.0680369883775711,-0.10063960403203964,-0.11349797248840332,-0.11340336501598358,-0.10078734159469604,-0.10188111662864685,-0.08642683923244476,-0.07616826891899109,-0.04754975438117981,-0.025793205946683884,-0.015062679536640644,0.006100716535001993,0.01976941153407097
0.0,0.0,0.0,0.0,0.0,0.0,-0.008995288982987404,-0.01374233141541481,-0.008159697987139225,0.0001986395218409598,-0.0005625771591439843,0.0,-0.007906505838036537,-0.02017630822956562,-0.030080311000347137,-0.05457242950797081,-0.07347993552684784,-0.09285999834537506,-0.10507787019014359,-0.10734774172306061,-0.11356672644615173,-0.1405704766511917,-0.1687500923871994,-0.19579662382602692,-0.1920221447944641,-0.14927774667739868,-0.07493114471435547,-0.06691073626279831,-0.07325708866119385,-0.11018919199705124,-0.07366271317005157,-0.13148106634616852,-0.11489603668451309,-0.10548728704452515,-0.08936695754528046,-0.10715261101722717,-0.12406843900680542,-0.1210942193865776,-0.10473843663930893,-0.0856553465127945,-0.06414540857076645,-0.044410545378923416,-0.023797253146767616,-0.019775239750742912,-0.009044713340699673,-0.008819169364869595,-0.0030694161541759968
0.0,0.0,0.0,0.0,0.0,0.0003833171504084021,-0.008611971512436867,-0.033681876957416534,-0.01137204933911562,-0.003933920059353113,-0.005026960279792547,-0.0013895290903747082,-0.0006648740381933749,-0.012737005017697811,-0.03758467733860016,-0.08244100213050842,-0.10151499509811401,-0.1161947250366211,-0.1357024610042572,-0.11894436925649643,-0.11877058446407318,-0.12510935962200165,-0.15666595101356506,-0.19748911261558533,-0.19746866822242737,-0.19168417155742645,-0.17640969157218933,-0.15110333263874054,-0.1512056291103363,-0.16056951880455017,-0.17397722601890564,-0.16919787228107452,-0.15038982033729553,-0.12756995856761932,-0.11434226483106613,-0.1212192103266716,-0.12376248836517334,-0.1212201714515686,-0.10762802511453629,-0.08470074087381363,-0.0603986494243145,-0.042875293642282486,-0.029454287141561508,-0.031176714226603508,-0.03312414512038231,-0.03716947138309479,-0.0364435650408268
0.0,0.0,0.0,0.0,0.0,0.0021615729201585054,-0.006328114308416843,-0.038064174354076385,-0.035831693559885025,-0.025668155401945114,-0.024239113554358482,-0.006176931783556938,-0.002043622313067317,-0.006411622744053602,-0.01879880391061306,-0.0664154589176178,-0.06343958526849747,-0.054083842784166336,-0.046949632465839386,-0.10805470496416092,-0.10782884806394577,-0.08531828224658966,-0.07406172156333923,-0.05543326586484909,-0.07337047159671783,-0.0980050265789032,-0.13803580403327942,-0.14985769987106323,-0.15799428522586823,-0.17257411777973175,-0.19816525280475616,-0.18350043892860413,-0.16130974888801575,-0.13383518159389496,-0.12197991460561752,-0.12399603426456451,-0.12329791486263275,-0.11952614784240723,-0.11266658455133438,-0.10204506665468216,-0.09343916177749634,-0.10210524499416351,-0.10956250876188278,-0.10777605324983597,-0.1000133529305458,-0.09194036573171616,-0.06674881279468536
0.0,0.0,0.0,0.0,0.0,0.0021615729201585054,0.0022233682684600353,-0.02207481674849987,-0.0377575121819973,-0.03451491519808769,-0.01721717044711113,-0.0045811478048563,-0.055175554007291794,-0.05313193053007126,-0.08168715238571167,-0.08945874124765396,-0.1060585230588913,-0.08149752020835876,-0.013953149318695068,-0.04435356706380844,-0.05638729780912399,-0.033876728266477585,-0.07017666101455688,-0.05471337214112282,-0.058860961347818375,-0.10511505603790283,-0.12374897301197052,-0.12477260082960129,-0.13409237563610077,-0.16599810123443604,-0.18782812356948853,-0.1721452921628952,-0.16319072246551514,-0.1451941430568695,-0.14102855324745178,-0.1429012566804886,-0.14544077217578888,-0.15110796689987183,-0.14883147180080414,-0.1615489274263382,-0.16412821412086487,-0.18250417709350586,-0.1962088942527771,-0.19702962040901184,-0.17569027841091156,-0.1502777636051178,-0.11023176461458206
0.0,0.0,0.0,0.0,0.0,0.0,0.0,-0.0004289560311008245,-0.028219114989042282,-0.014166086912155151,-0.019957903772592545,-0.019957903772592545,-0.10327022522687912,-0.11926496028900146,-0.13116897642612457,-0.10520853847265244,-0.13993002474308014,-0.10844539105892181,-0.06129485368728638,-0.027389030903577805,-0.02226141467690468,-0.06022541597485542,-0.10522609949111938,-0.10639050602912903,-0.1050150915980339,-0.10223451256752014,-0.10722454637289047,-0.08489144593477249,-0.11897505074739456,-0.14880265295505524,-0.15988512337207794,-0.14455801248550415,-0.13792544603347778,-0.14735423028469086,-0.16314060986042023,-0.17452259361743927,-0.1819537729024887,-0.19265128672122955,-0.1989210695028305,-0.22137975692749023,-0.2381591647863388,-0.25892403721809387,-0.27450206875801086,-0.2696935534477234,-0.2483542263507843,-0.21434052288532257,-0.16103164851665497
0.0,0.0,0.0,0.0,0.0,0.0,0.0,-0.0004289560311008245,-0.007088726852089167,-0.03404771536588669,-0.10028163343667984,-0.12261515855789185,-0.06596139818429947,-0.04285241290926933,-0.05855409801006317,-0.07973787933588028,-0.09432806074619293,-0.09807442128658295,-0.13658681511878967,-0.14189483225345612,-0.13401052355766296,-0.14078499376773834,-0.1027636006474495,-0.08640100806951523,-0.0742676854133606,-0.05821198225021362,-0.048067912459373474,-0.05554017424583435,-0.08686227351427078,-0.11222869902849197,-0.12773925065994263,-0.12896521389484406,-0.1359645426273346,-0.15985123813152313,-0.1775931417942047,-0.19998592138290405,-0.21642090380191803,-0.23829811811447144,-0.24734395742416382,-0.2614096999168396,-0.2668675482273102,-0.27668270468711853,-0.27196040749549866,-0.2709695100784302,-0.2578175365924835,-0.24127882719039917,-0.20269523561000824
0.0,0.0,0.0,0.0,0.0,0.0,0.0,-0.0008188927895389497,-0.03518328815698624,-0.09049107134342194,-0.06626801192760468,-0.07699155807495117,-0.04382180795073509,-0.020712828263640404,-0.023460229858756065,-0.0360223613679409,-0.052194688469171524,-0.08366283029317856,-0.09823907166719437,-0.1043761819601059,-0.10238917917013168,-0.09077907353639603,-0.05749211087822914,-0.050632406026124954,-0.03844354674220085,-0.02238784171640873,-0.029752017930150032,-0.028721796348690987,-0.04668818786740303,-0.07128936797380447,-0.08521859347820282,-0.08651618659496307,-0.06187459081411362,-0.08635293692350388,-0.14325568079948425,-0.17694132030010223,-0.21408984065055847,-0.23667676746845245,-0.25133275985717773,-0.24979111552238464,-0.2552489638328552,-0.24875010550022125,-0.24481968581676483,-0.24482165277004242,-0.243489608168602,-0.23627358675003052,-0.21778608858585358
0.0,0.0,-0.004929089453071356,-0.0034048212692141533,0.0,0.0,0.0,-0.0008188927895389497,-0.05387132614850998,-0.03651459142565727,0.0,0.0,0.0,0.0,0.0,0.0,-0.014720858074724674,-0.014631935395300388,-0.022836074233055115,-0.02655009925365448,-0.031485415995121,-0.021059954538941383,-0.011624651961028576,-0.01521842647343874,-0.004990828689187765,-0.013971247710287571,-0.029707880690693855,-0.01796366646885872,-0.019027628004550934,-0.04456374794244766,-0.05457381159067154,-0.056007228791713715,-0.02587757259607315,-0.007931514643132687,-0.08671219646930695,-0.1251392364501953,-0.1636504977941513,-0.21078765392303467,-0.22898238897323608,-0.2222246527671814,-0.20942379534244537,-0.20616815984249115,-0.20381730794906616,-0.21318161487579346,-0.21979297697544098,-0.21526776254177094,-0.21669495105743408
0.0,0.0,-0.009079190902411938,-0.02312011644244194,-0.0016488585388287902,0.0,0.0,-0.0008188927895389497,-0.01784786395728588,-0.015016777440905571,0.0,0.0,0.0,0.0,0.0,0.0,0.018653782084584236,0.03158291429281235,0.027898244559764862,0.011072022840380669,-0.005530874710530043,-0.008318553678691387,-0.015068188309669495,-0.002528019715100527,-0.0006292122416198254,-0.01686634123325348,-0.04128968343138695,-0.006672926712781191,0.00023947362205944955,-0.026678631082177162,-0.07149648666381836,-0.04618440568447113,-0.01945209689438343,0.0,-0.014376014471054077,-0.0384528823196888,-0.0883440300822258,-0.15220527350902557,-0.175067737698555,-0.16230536997318268,-0.14423640072345734,-0.1348956674337387,-0.14796720445156097,-0.1769561469554901,-0.20209041237831116,-0.21944560110569,-0.24913188815116882
