currents_20100914.json
{"header": {"parameterCategory":2,"parameterNumber":3,"nx":74,"ny":54,"lo1":22.5,"la1":41.2,"lo2":27.0,"la2":38.2,"dx":0.06164383561643835,"dy":0.05660377358490566,"refTime":"2010-09-14T12:00:00"}, "data":
[rows 21 to 41 of 54, columns 0 to 46 of 74]
0.0,0.0,-0.0034731721971184015,-0.028722893446683884,-0.026306888088583946,-0.00347639387473464,0.022005559876561165,0.04116000235080719,0.007564661558717489,-0.047954849898815155,-0.07687553763389587,-0.08187133818864822,-0.08669383823871613,-0.16312213242053986,-0.12601257860660553,0.0,0.0,-0.01627299189567566,-0.01627299189567566,-0.0467999242246151,-0.07541808485984802,-0.09482122957706451,-0.047873951494693756,-0.0028664832934737206,-0.09010166674852371,0.005198572762310505,0.04014071449637413,0.04937845841050148,-0.04006574675440788,-0.08964092284440994,-0.22850942611694336,-0.422027587890625,-0.3916076421737671,-0.33644747734069824,-0.21292255818843842,-0.12875819206237793,-0.04889239743351936,0.029181189835071564,0.050639912486076355,-0.02131607010960579,-0.1396609991788864,-0.10628507286310196,-0.09364739805459976,-0.08481907844543457,-0.071855828166008,-0.03913792595267296,-0.04340636357665062
0.0,0.0,0.0,-0.007635218091309071,-0.03920423611998558,-0.03172667697072029,-0.00868383701890707,0.021307945251464844,-0.002069544279947877,-0.06071551889181137,-0.07954137027263641,-0.07002167403697968,-0.04883485287427902,-0.17227274179458618,-0.1766885668039322,-0.018971005454659462,-0.018971005454659462,0.0042993780225515366,0.0042993780225515366,-0.006128070876002312,-0.06783392280340195,-0.1008715108036995,-0.10052603483200073,-0.023040316998958588,-0.18003512918949127,-0.11226067692041397,0.02371777407824993,0.13756237924098969,0.011844741180539131,-0.15262003242969513,-0.3097686469554901,-0.41786420345306396,-0.3636082708835602,-0.30844810605049133,-0.23914073407649994,-0.11218202114105225,0.04546402022242546,0.11360257863998413,0.09111374616622925,-0.0429430790245533,-0.17008504271507263,-0.1536451131105423,0.0,0.0,0.0,0.0,-0.0037898672744631767
0.0,0.0,0.0,-0.005931373685598373,-0.028597598895430565,-0.04366834834218025,-0.04155822470784187,-0.02449331432580948,0.004128621891140938,-0.055857058614492416,-0.048866063356399536,-0.0031522822100669146,-0.04592844471335411,-0.19872601330280304,-0.24804529547691345,-0.1360340714454651,-0.04593642055988312,0.016444368287920952,0.02742256037890911,-0.0017697045113891363,-0.09378785640001297,-0.1337951123714447,-0.16087137162685394,-0.14551502466201782,-0.31780382990837097,-0.18130747973918915,0.010138551704585552,0.17376728355884552,0.03525163233280182,-0.141014963388443,-0.30533382296562195,-0.3808077275753021,-0.3686599135398865,-0.30132758617401123,-0.18114270269870758,-0.04514763131737709,0.04782610014081001,0.09251687675714493,0.09684275090694427,-0.01741088554263115,-0.12422879040241241,-0.10240606963634491,0.0,0.0,0.0,0.0,-0.0037898672744631767
0.0,0.0,0.0,0.0,-0.013269711285829544,-0.021974269300699234,-0.07986366003751755,-0.061058055609464645,-0.013065321370959282,-0.0669185221195221,-0.08845663070678711,-0.04156635329127312,-0.10352221876382828,-0.2609698176383972,-0.2459285855293274,-0.16226263344287872,-0.07399161905050278,-0.013959168456494808,-0.012635422870516777,-0.03901056572794914,-0.10556811839342117,-0.12490976601839066,-0.1519860178232193,-0.18430453538894653,-0.3093929588794708,-0.12547354400157928,-0.0316971130669117,0.1017308384180069,0.024282263591885567,-0.1519843339920044,-0.2637156546115875,-0.3234138488769531,-0.3012152910232544,-0.21276122331619263,-0.109561488032341,-0.007124048192054033,0.0453435555100441,0.05417030304670334,0.05209118872880936,-0.002270891098305583,-0.04420018568634987,-0.09445914626121521,-0.014520042575895786,-0.005943082273006439,-0.022907670587301254,-0.022907670587301254,-0.004037199541926384
0.0,0.0,0.0,0.0,0.0,0.0,-0.04416956007480621,-0.09032847732305527,-0.031592972576618195,-0.0900418609380722,-0.10330193489789963,-0.10626393556594849,-0.1808195263147354,-0.23472575843334198,-0.23124457895755768,-0.15143300592899323,-0.08126571774482727,-0.059552740305662155,-0.0582289956510067,-0.0667654275894165,-0.08600040525197983,-0.10078709572553635,-0.12666597962379456,-0.16128288209438324,-0.17525680363178253,-0.11980684846639633,-0.05842721462249756,-0.0029845365788787603,-0.05241848900914192,-0.11692915856838226,-0.20499733090400696,-0.2520725131034851,-0.20133672654628754,-0.12002450972795486,-0.020510133355855942,0.035635776817798615,0.021413009613752365,-0.0017264256021007895,0.009383915923535824,0.032187797129154205,0.0064124916680157185,-0.020381426438689232,-0.023741474375128746,-0.0008172449888661504,-0.026481201872229576,-0.04794127866625786,-0.01715179719030857
0.0,0.0,0.0,0.0,0.0,0.0,-0.03674900159239769,-0.07334858179092407,-0.06280745565891266,-0.1017230898141861,-0.14116409420967102,-0.21313965320587158,-0.2106601744890213,-0.21901646256446838,-0.19278846681118011,-0.1068178340792656,-0.05190308392047882,-0.025856446474790573,-0.01956518366932869,-0.01981974206864834,-0.03371581435203552,-0.041569020599126816,-0.05766611546278,-0.06520043313503265,-0.07457168400287628,-0.06712767481803894,-0.06687053292989731,-0.08030139654874802,-0.10774557292461395,-0.12792593240737915,-0.16587600111961365,-0.17673353850841522,-0.1331537365913391,-0.06337714940309525,0.022006452083587646,0.08073686063289642,0.05505356192588806,0.002780017675831914,-0.03646024689078331,-0.03211452066898346,-0.014296765439212322,-0.012016418389976025,-0.0001842728815972805,0.008838276378810406,-0.02207356132566929,-0.05922579765319824,-0.07742355763912201
0.0,0.0,0.0,0.0,0.0,0.0,-0.03674900159239769,-0.061044517904520035,-0.05766928941011429,-0.09308750927448273,-0.16543777287006378,-0.2372518628835678,-0.2571287453174591,-0.25194865465164185,-0.18707863986492157,-0.10671457648277283,-0.05534853786230087,-0.01051667146384716,0.00034856496495194733,0.026395786553621292,0.014249796979129314,-0.009836931712925434,-0.014851096086204052,-0.03856289014220238,-0.06112515553832054,-0.11048229038715363,-0.12997370958328247,-0.14517197012901306,-0.15037833154201508,-0.1327304095029831,-0.14659827947616577,-0.1491827666759491,-0.1133900135755539,-0.04361342638731003,0.021206414327025414,0.09364545345306396,0.07049141824245453,0.020965576171875,-0.04634624347090721,-0.07265184074640274,-0.05495823547244072,-0.03609609603881836,-0.015433967113494873,-0.005003738682717085,-0.013372406363487244,-0.05237686261534691,-0.07233624160289764
0.0,0.0,0.0,0.0,0.0,0.0,-0.009140875190496445,-0.030796973034739494,-0.03562323376536369,-0.07937638461589813,-0.15307962894439697,-0.23417341709136963,-0.2803534269332886,-0.24118883907794952,-0.19062291085720062,-0.12216009944677353,-0.07089663296937943,-0.02421386167407036,0.030401965603232384,0.06647790968418121,0.05790918320417404,0.032781291753053665,-0.0029569449834525585,-0.03447449952363968,-0.08252156525850296,-0.13187870383262634,-0.1789170354604721,-0.19507794082164764,-0.1764468252658844,-0.15879890322685242,-0.13588152825832367,-0.1368674784898758,-0.10419274866580963,-0.06549413502216339,-0.0041128769516944885,0.08409444242715836,0.08111239224672318,0.03792667016386986,-0.030077608302235603,-0.08220352232456207,-0.06660130620002747,-0.0448312945663929,-0.03937889263033867,-0.02557576633989811,-0.030471524223685265,-0.04542505368590355,-0.06138230487704277
0.0,0.0,0.0,0.0,0.0,0.0,0.0,-0.0059143188409507275,-0.0059143188409507275,-0.0412568673491478,-0.112811379134655,-0.19732141494750977,-0.2460668534040451,-0.24400465190410614,-0.2128777951002121,-0.15306389331817627,-0.09221041202545166,-0.029195312410593033,0.03749875724315643,0.08816199749708176,0.08436265587806702,0.05449932813644409,0.014016622677445412,-0.024396391585469246,-0.07609619200229645,-0.1259203553199768,-0.1746322065591812,-0.21611149609088898,-0.22783121466636658,-0.20140352845191956,-0.1581888049840927,-0.13689200580120087,-0.11439766734838486,-0.08360126614570618,-0.03243701905012131,0.06496352702379227,0.07469063252210617,0.04309289902448654,-0.011806709691882133,-0.0710233673453331,-0.034842491149902344,-0.016791285946965218,-0.056244149804115295,-0.038048155605793,-0.04910530522465706,-0.06758841872215271,-0.07955148816108704
0.0,0.0,0.0,0.0,0.0,0.0,0.0,0.0,0.0,-0.02450850047171116,-0.07524551451206207,-0.13516362011432648,-0.19064961373806,-0.21887323260307312,-0.1902981847524643,-0.16871683299541473,-0.11397608369588852,-0.03867512196302414,0.029106851667165756,0.08414902538061142,0.07444656640291214,0.04744413495063782,0.00709292758256197,-0.024484144523739815,-0.07758190482854843,-0.12891846895217896,-0.1651138961315155,-0.2018769234418869,-0.23207955062389374,-0.24667970836162567,-0.20778365433216095,-0.14455634355545044,-0.11855076253414154,-0.08775436133146286,-0.05011796951293945,0.038277506828308105,0.0548572912812233,0.041676703840494156,-0.006467612460255623,-0.06150178983807564,-0.03264966234564781,-0.02014874666929245,-0.05530177429318428,-0.03151147812604904,-0.041430793702602386,-0.053929492831230164,-0.06934656202793121
0.0,0.0,0.0,0.0,0.0,0.0,0.0,0.0,0.0,0.0,-0.030029144138097763,-0.06353257596492767,-0.12044846266508102,-0.15335670113563538,-0.18016572296619415,-0.1671423614025116,-0.12042085826396942,-0.0581464022397995,0.015920771285891533,0.05777215212583542,0.040942590683698654,0.01640099473297596,-0.013588407076895237,-0.028471937403082848,-0.09505073726177216,-0.1412116438150406,-0.12162494659423828,-0.14594106376171112,-0.2062700092792511,-0.2903442978858948,-0.22989708185195923,-0.15388651192188263,-0.1283271610736847,-0.10021097958087921,-0.06330622732639313,0.015910198912024498,0.04792513698339462,0.03980623185634613,-0.006670407019555569,-0.05597486346960068,-0.023494265973567963,-0.011463245376944542,-0.04579928517341614,-0.01926581747829914,-0.014482947066426277,-0.026981644332408905,-0.04826057702302933
0.0,0.0,0.0,0.0,0.0,0.0,0.0,0.0,0.0,0.0,-0.007369929924607277,-0.012189377099275589,-0.03821294382214546,-0.08503934741020203,-0.12237986922264099,-0.1334323137998581,-0.11233358830213547,-0.061551909893751144,-0.01162134762853384,0.001676674117334187,-0.020200449973344803,-0.03918811306357384,-0.05099068209528923,-0.03279944509267807,-0.1282230019569397,-0.09665428102016449,-0.015227309428155422,-0.017531834542751312,-0.26916947960853577,-0.24075058102607727,-0.05894450843334198,-0.18310712277889252,-0.13949033617973328,-0.10962959378957748,-0.0774354413151741,-0.005097707733511925,0.029118845239281654,0.024379773065447807,-0.01483015064150095,-0.04532697796821594,-0.045987457036972046,-0.03804576396942139,-0.02580096758902073,-0.007132397033274174,0.002158466028049588,-0.0014597009867429733,-0.012561055831611156
0.0,0.0,0.0,0.0,0.0,0.0,0.0,0.0014499641256406903,0.004736532922834158,0.0,0.0,0.0,-0.0103767616674304,-0.04446577653288841,-0.06944490224123001,-0.09403188526630402,-0.0851307362318039,-0.05282837152481079,-0.05887113884091377,-0.0542147271335125,-0.07232429832220078,-0.08396286517381668,-0.05404169112443924,-0.021227583289146423,-0.12203457951545715,-0.08099299669265747,-0.030594635754823685,-0.07643035799264908,-0.29233863949775696,-0.17174266278743744,-0.09878648817539215,-0.18879587948322296,-0.18292680382728577,-0.101426862180233,-0.0496605820953846,0.009746137075126171,0.02963949926197529,0.01168634369969368,-0.020057713612914085,-0.037602365016937256,-0.02772008255124092,-0.01977839320898056,0.002698154654353857,0.0168582983314991,0.02387462742626667,0.011348510161042213,-0.004213397856801748
0.0,0.0,0.0,0.0,0.0,0.0,-0.002411560621112585,-0.0009615964954718947,0.009777409955859184,0.0005091363564133644,-0.0022791987285017967,-0.013006279245018959,-0.00614346656948328,-0.0038036108016967773,-0.028782736510038376,-0.06592318415641785,-0.06359801441431046,-0.06776847690343857,-0.10689456015825272,-0.07688751071691513,-0.0943726971745491,-0.08452713489532471,-0.06235545873641968,-0.009890565648674965,-0.11510096490383148,-0.1410685032606125,-0.09271860867738724,-0.15170808136463165,-0.2431529462337494,-0.2591373026371002,-0.18618112802505493,-0.22418645024299622,-0.20911629498004913,-0.09489322453737259,-0.016939455643296242,0.02738204412162304,0.016661204397678375,-0.001041423063725233,-0.022684119641780853,-0.02886214107275009,-0.015964394435286522,0.016464440152049065,0.03909042477607727,0.05024454742670059,0.048367250710725784,0.026291336864233017,-0.004767879378050566
0.0,0.0,0.0,0.0,0.0,0.007460904773324728,0.001811137073673308,-0.004115913528949022,0.0214169193059206,0.0018914927495643497,-0.022082334384322166,-0.043004266917705536,-0.00614346656948328,0.0,-0.022614622488617897,-0.061177000403404236,-0.04911455512046814,-0.1168651208281517,-0.1390209197998047,-0.04639817029237747,-0.07247604429721832,-0.06180737167596817,-0.035309236496686935,-0.0026269990485161543,-0.009303996339440346,-0.12668009102344513,-0.22608332335948944,-0.20232263207435608,-0.24032871425151825,-0.2567478120326996,-0.2444731891155243,-0.24352440237998962,-0.12447189539670944,-0.014399347826838493,0.04891703650355339,0.04898335784673691,0.023067424073815346,-0.004352214280515909,-0.024502024054527283,-0.018743086606264114,0.011114295572042465,0.04968694597482681,0.08440089970827103,0.09224376082420349,0.07170472294092178,0.03467206656932831,-0.01216205395758152
0.0,0.0,0.0,0.0,0.0,0.004443540703505278,0.004443540703505278,0.002631404669955373,0.005066652782261372,0.008324656635522842,-0.0033226902596652508,-0.01896097883582115,-0.00614346656948328,-0.007268768269568682,-0.0412835069000721,-0.022150760516524315,-0.025479115545749664,-0.1173364594578743,-0.12084018439054489,-0.01783144846558571,-0.029313791543245316,-0.029313791543245316,-0.0403706394135952,-0.052300069481134415,-0.06767452508211136,-0.17732280492782593,-0.23265892267227173,-0.24657584726810455,-0.3046354055404663,-0.32322144508361816,-0.22710582613945007,-0.16866090893745422,-0.07723379880189896,0.015515804290771484,0.07139436155557632,0.0593310184776783,0.023225966840982437,-0.011096659116446972,-0.02720620669424534,-0.013537995517253876,0.016916979104280472,0.05289547145366669,0.08843480050563812,0.10648657381534576,0.09764426201581955,0.05978580191731453,0.011322146281599998
0.0,0.0,0.0,0.0,0.0,0.0,0.0,0.0,-0.005244394298642874,-0.013494366779923439,-0.010593196377158165,-0.004051802214235067,-0.0012664577225223184,-0.02016557566821575,-0.042685072869062424,-0.024527980014681816,-0.03458486124873161,-0.12289834022521973,-0.12555837631225586,-0.007636054884642363,-0.008871474303305149,-0.011593665927648544,-0.05092843249440193,-0.10494062304496765,-0.12367372214794159,-0.13158553838729858,-0.18692167103290558,-0.28106454014778137,-0.34437939524650574,-0.3196447789669037,-0.22110942006111145,-0.11947780847549438,-0.04198186472058296,0.03071627765893936,0.06701783090829849,0.05248769000172615,0.01269819401204586,-0.02148856408894062,-0.037578340619802475,-0.02209050953388214,0.006523455493152142,0.04234859719872475,0.07949289679527283,0.10740143060684204,0.11788735538721085,0.08598475158214569,0.04463440552353859
0.0,0.0,0.0,0.0,0.0,0.0,0.0,0.0,0.0,-0.023502947762608528,-0.026463238522410393,-0.01143941655755043,0.00030438575777225196,-0.02057751826941967,-0.0495205782353878,-0.07488875836133957,-0.07189463078975677,-0.11570990830659866,-0.10907654464244843,-0.025433354079723358,-0.03523324802517891,-0.06574219465255737,-0.10799612104892731,-0.1515926569700241,-0.15155938267707825,-0.12333083152770996,-0.14725393056869507,-0.32048115134239197,-0.3491354286670685,-0.30186334252357483,-0.203168585896492,-0.09418320655822754,-0.0410635769367218,0.003988359123468399,0.034969404339790344,0.032430097460746765,-0.0039528063498437405,-0.036557842046022415,-0.05480135604739189,-0.046288542449474335,-0.0193740576505661,0.016208291053771973,0.05642196536064148,0.09858481585979462,0.1215914636850357,0.11846525967121124,0.08828001469373703
0.0,0.0,0.0,0.0,0.0,0.0,0.0,0.0,0.0,-0.0165525134652853,-0.019819550216197968,-0.004648969974368811,-0.0011646391358226538,0.000792661274317652,-0.026216240599751472,-0.03698737919330597,-0.09931531548500061,-0.10476574301719666,-0.0929228812456131,-0.06106019392609596,-0.05805376544594765,-0.07928416877985,-0.08438640832901001,-0.11239615082740784,-0.1204102486371994,-0.1132507249712944,-0.14355316758155823,-0.27352574467658997,-0.32333633303642273,-0.28957271575927734,-0.1937798410654068,-0.09466299414634705,-0.034507691860198975,-0.025712599977850914,-0.015755828469991684,-0.006034663878381252,-0.035930316895246506,-0.060722436755895615,-0.07954374700784683,-0.06423535197973251,-0.03706135228276253,-0.0014413213357329369,0.03276276960968971,0.0719519779086113,0.10274845361709595,0.14031937718391418,0.13818618655204773
0.0,0.0,0.0,0.0,0.0,0.0,0.0,-0.005708377342671156,-0.010785459540784359,-0.008080536499619484,-0.00670156255364418,0.0,0.0,0.0,0.0,-0.00863728765398264,-0.08636897802352905,-0.1109481155872345,-0.11233337223529816,-0.08299876749515533,-0.07301899790763855,-0.06092088669538498,-0.06602312624454498,-0.0719708502292633,-0.08642559498548508,-0.07926607131958008,-0.11947280913591385,-0.2363734245300293,-0.30978697538375854,-0.30818626284599304,-0.21044892072677612,-0.12292847037315369,-0.027986522763967514,-0.0034778902772814035,-0.027856264263391495,-0.03807378560304642,-0.068454809486866,-0.08560524135828018,-0.1044265553355217,-0.08380289375782013,-0.052381549030542374,-0.020647693425416946,0.01106897834688425,0.04913090169429779,0.09094198793172836,0.1285129189491272,0.16722775995731354
0.0,0.0,0.0,0.0,0.0,0.0,0.00015228692791424692,-0.0049053337424993515,-0.02861603908240795,-0.01017437968403101,-0.0007715245010331273,-0.0007715245010331273,-0.0007715245010331273,0.0,0.0,-0.00863728765398264,-0.07526249438524246,-0.10304565727710724,-0.1057613343000412,-0.0874444842338562,-0.05862242355942726,-0.04425925761461258,-0.03750024363398552,-0.03373347595334053,-0.04817868024110794,-0.07932653278112411,-0.1328999102115631,-0.21587492525577545,-0.31857743859291077,-0.3234953284263611,-0.2620542645454407,-0.18471065163612366,-0.05792524293065071,0.0,-0.013859055936336517,-0.08189786225557327,-0.10907792299985886,-0.1259337216615677,-0.1259225457906723,-0.09655807912349701,-0.06687197834253311,-0.037560366094112396,-0.008331059478223324,0.029088880866765976,0.06965432316064835,0.11481434851884842,0.1668277382850647
