currents_20100911.json
{"header": {"parameterCategory":2,"parameterNumber":3,"nx":74,"ny":54,"lo1":22.5,"la1":41.2,"lo2":27.0,"la2":38.2,"dx":0.06164383561643835,"dy":0.05660377358490566,"refTime":"2010-09-11T12:00:00"}, "data":
[rows 0 to 20 of 54, columns 0 to 46 of 74]
0.0,0.0,0.0,0.0,0.0,0.0,0.0,0.0,0.0,0.0,0.0,0.0,0.0,0.0,0.0,0.0,0.0,0.0,0.0,0.0,0.0,0.0,0.0,0.0,0.0,0.0,0.0,0.0,0.0,0.0,0.0,0.0,0.0,0.0,0.0,0.0,0.0,0.0,0.0,0.0,0.0,0.0,0.0,0.0,0.0,0.0,0.0
0.0,0.0,0.0,0.0,0.0,0.0,0.0,0.0,0.0,0.0,0.0,0.0,0.0,0.0,0.0,0.0,0.0,0.0,0.0,0.0,0.0,0.0,0.0,0.0,0.0,0.0,0.0,0.0,0.0,0.0,0.0,0.0,0.0,0.0,0.0,0.0,0.0,0.0,0.0,0.0,0.0,0.0,0.0,0.0,0.0,0.0,0.0
0.0,0.0,0.0,0.0,0.0,0.0,0.0,0.0,0.0,0.0,0.0,0.0,0.0,0.0,0.0,0.0,0.0,0.0,0.0,0.0,0.0,0.0,0.0,0.0,0.0,0.0,0.0,0.0,0.0,0.0,0.0,0.0,0.0,0.0,0.0,0.0,0.0,0.0,0.0,0.0,0.0,0.0,0.0,0.0,0.0,0.0,0.0
0.0,0.0,0.0,0.0,0.0,0.0,0.0,0.0,0.0,0.0,0.0,0.0,0.0,0.0,0.0,0.0,0.0,0.0,0.0,0.0,0.0,0.0,0.0,0.0,0.0,0.0,0.0,0.0,0.0,0.0,0.0,0.0,0.0,0.0,0.0,0.0,0.0,0.0,0.0,0.0,0.0,0.0,-0.0021352902986109257,-0.0020033682230859995,0.0,0.0,0.0
0.0,0.0,0.0,0.0,0.0,0.0,0.0,0.0,0.0,0.0,0.0,0.0,0.0,0.0,0.0,0.0,0.0,0.0,0.0,0.0,0.0,0.0,0.0,0.0,0.0,0.0,0.0,0.0,0.0,0.0,0.0,0.0,0.0,0.0,0.0,0.0,0.0,0.0,0.0,0.0,0.0,-0.0022190732415765524,-0.009231059812009335,-0.0020033682230859995,0.0,0.0,0.0
0.0,0.0,0.0,0.0,0.0,0.0,0.0,0.0,0.0,0.0,0.0,0.0,0.0,0.0,0.0,0.0,0.0,0.0,0.0,0.0,0.0,0.0,0.0,0.0,0.0,0.0,0.0,0.0,0.0,0.0,0.0,-0.049240827560424805,0.04124749079346657,0.04124749079346657,0.010024241171777248,0.0,0.0,0.0,0.0,-0.03592607378959656,-0.02298886328935623,0.0032478836365044117,0.016824711114168167,0.015481238253414631,-0.0031758358236402273,0.0067869313061237335,0.016857584938406944
0.0,0.0,0.0,0.0,0.0,0.0,0.0,0.0,0.0,0.0,0.0,0.0,0.0,0.0,0.0,0.0,0.0,0.0,0.0,0.0,0.0,0.0,0.0,0.0,0.0,0.0,0.0,0.0,0.0,0.0,-0.0053104511462152,-0.06443634629249573,0.021542152389883995,0.0582568496465683,0.013901847414672375,0.0026648694183677435,0.0,0.01740376092493534,0.0032021310180425644,-0.04189576581120491,-0.02774725668132305,-0.006934269331395626,0.0438164658844471,0.03220262750983238,0.009290372021496296,0.002771881641820073,0.01521195936948061
0.0,0.0,0.0,0.0,0.0,0.0,0.0,0.0,0.0,0.0,0.0,0.0,0.0,0.0,0.0,0.0,0.0,0.0,0.0,0.0,0.0,0.0,0.0,0.0,0.0,0.0,0.0,0.0,0.0,-0.06420141458511353,-0.12208963185548782,0.01506555825471878,0.05985686555504799,0.04102397710084915,-0.03625258430838585,0.0003785319277085364,0.03964279964566231,0.04136667028069496,-0.0059570735320448875,0.037698205560445786,0.05732074752449989,0.06856785714626312,0.0653330460190773,0.034910764545202255,0.007308533880859613,-0.012242094613611698,-0.02655925787985325
0.0,0.0,0.0,0.0,0.0,0.0,0.0,0.0,0.0,0.0,0.0,0.0,0.0,0.0,0.0,0.0,0.0,0.0,0.0,-0.005550505593419075,-0.06083456799387932,-0.04665891453623772,0.01705450937151909,0.034657176584005356,0.043982695788145065,0.009033390320837498,0.0,-0.03113570064306259,-0.014006984420120716,-0.07997550070285797,-0.042560189962387085,0.04020368307828903,0.06987247616052628,0.042493533343076706,-0.01231457106769085,0.0,0.028705809265375137,0.0573810376226902,0.04764925315976143,0.09500743448734283,0.11930174380540848,0.10354707390069962,0.08386547118425369,0.0480596162378788,0.01264480222016573,-0.025051584467291832,-0.04536215960979462
0.0,0.0,0.0,0.0,0.0,0.0,0.0,0.0,0.0,0.0,0.0,0.0,0.0,0.0,0.0,0.0,0.0,0.0,0.0,-0.005550505593419075,-0.07293621450662613,-0.0872199535369873,-0.0235065296292305,0.043537870049476624,0.07448363304138184,0.06392607092857361,0.008682138286530972,-0.015106352977454662,0.007262242492288351,0.009932445362210274,0.04734775796532631,0.07639649510383606,0.051803816109895706,0.024424871429800987,0.0,0.0,0.0,0.028675226494669914,0.08922336250543594,0.13427644968032837,0.14608296751976013,0.13032829761505127,0.09986220300197601,0.06373261660337448,0.0211271271109581,-0.02325441874563694,-0.050913698971271515
0.0,0.0,0.0,0.0,0.0,0.0,0.0,0.0,0.0,0.0,0.0,0.0,0.0,0.0,0.0,0.0,0.0,0.0,0.0,-0.004142038524150848,-0.004142038524150848,-0.0824362114071846,-0.10317931324243546,0.006858394015580416,0.058197151869535446,0.07508336752653122,0.07290993630886078,0.08075051754713058,0.08052622526884079,0.07068325579166412,0.06678763777017593,0.07751907408237457,0.06550927460193634,0.03487610071897507,0.0,0.0,0.0,0.03730539232492447,0.1070423573255539,0.1364135891199112,0.14833517372608185,0.13885663449764252,0.11181580275297165,0.08576604723930359,0.033101219683885574,-0.015660719946026802,-0.04222557321190834
0.0,0.0,0.0,0.0,0.0,0.008543935604393482,0.00782435480505228,0.0074960398487746716,0.0009651448344811797,0.0,0.0,0.0,0.0,0.0,0.0,0.0,0.0,0.0,0.0,0.0,0.0,0.0,-0.05299922823905945,0.002288853982463479,0.03592507168650627,0.08077939599752426,0.09582222998142242,0.13827523589134216,0.11858309060335159,0.10085412114858627,0.03816691413521767,0.033368997275829315,0.040711551904678345,0.04932606965303421,0.020243769511580467,0.0053894915618002415,0.008149577304720879,0.0463227741420269,0.097996786236763,0.1293950229883194,0.14361916482448578,0.14111009240150452,0.13468265533447266,0.10437534004449844,0.06202124431729317,0.01530564296990633,-0.03947014361619949
0.0,0.0,-0.0023634005337953568,-0.0023634005337953568,0.005966790020465851,0.005099539179354906,0.008413633331656456,0.00801304541528225,0.0009651448344811797,0.0,0.0,0.0,0.0,0.0,0.0,0.0,0.0,0.0,0.0,0.0,0.0,0.0,0.0,-0.01035369373857975,0.01660969853401184,0.06146402284502983,0.11856287717819214,0.17257586121559143,0.15200673043727875,0.09748116135597229,0.03479395806789398,0.00025196056230925024,0.011229721829295158,0.019844237715005875,0.0385640524327755,0.02788432501256466,0.027306603267788887,0.0436127670109272,0.0952867716550827,0.12678320705890656,0.15114828944206238,0.15925544500350952,0.16582997143268585,0.13682690262794495,0.08548850566148758,0.03518664464354515,-0.03145982697606087
0.0,0.0,-0.003567654173821211,-0.0009091443498618901,0.021375136449933052,0.00676543265581131,3.676000778796151e-05,3.676000778796151e-05,3.676000778796151e-05,0.0,0.0,0.0,0.0,0.0,0.0,0.0,0.0,0.0,0.0,0.0,0.0,0.0,-0.009459939785301685,-0.03407895192503929,0.005860146600753069,0.04215546324849129,0.09314975142478943,0.1801283359527588,0.1925210803747177,0.13382938504219055,0.03945491090416908,-0.03358711302280426,-0.03509543463587761,-0.011539008468389511,0.02477794699370861,0.054766248911619186,0.07056458294391632,0.08475803583860397,0.1018061414361,0.13086454570293427,0.15929050743579865,0.18525506556034088,0.2045959085226059,0.1836652308702469,0.12891532480716705,0.05799220874905586,-0.01864498481154442
0.0,0.0,-0.0011538120452314615,0.0024427492171525955,0.009694810025393963,0.013687619008123875,0.007670098450034857,0.0,0.0,0.0,0.0,0.0,0.0,0.0,0.0,0.0,0.0,0.0,0.0,0.0,0.0,0.0,0.0,-0.01057345885783434,0.00617488706484437,0.015916423872113228,0.062001556158065796,0.09161747246980667,0.22744405269622803,0.17340591549873352,0.08658725023269653,-0.016760243102908134,-0.03776764124631882,-0.03256229683756828,0.0037632612511515617,0.05207231268286705,0.0726356953382492,0.08215390890836716,0.09508944302797318,0.11127526313066483,0.1288532316684723,0.15391522645950317,0.17258812487125397,0.18167546391487122,0.16016358137130737,0.14559109508991241,0.08650515973567963
0.0,0.0,0.01186667662113905,0.021200168877840042,0.02271147258579731,0.032193757593631744,0.02045467309653759,0.002334506018087268,-0.0062943799421191216,0.0,0.0,0.0,0.0,0.0,0.0,0.0,0.0,0.0,0.0,-0.003119510132819414,-0.020226938650012016,-0.020226938650012016,0.0036407310981303453,-0.009145180694758892,0.007570459973067045,0.017311997711658478,0.01273459754884243,0.03073052130639553,0.15982046723365784,0.20909000933170319,0.1222713366150856,0.00863338727504015,-0.05058009549975395,-0.050992462784051895,-0.009783475659787655,0.05040491372346878,0.08980423212051392,0.09981327503919601,0.08007259666919708,0.07810384035110474,0.0956818163394928,0.10509137064218521,0.1302812397480011,0.16552744805812836,0.19527579843997955,0.1902417093515396,0.1496702879667282
0.0,0.0,0.015570411458611488,0.03661464899778366,0.053923796862363815,0.05599329620599747,0.0349140465259552,0.0005207242793403566,-0.022847773507237434,-0.008992158807814121,0.0006407409091480076,0.0006407409091480076,0.0006407409091480076,0.0,0.0001334460248472169,0.0004959242651239038,0.0004959242651239038,0.0004959242651239038,0.0,-0.0011504837311804295,-0.04325800761580467,-0.023543521761894226,-0.00263404892757535,-0.027157364413142204,0.009036588482558727,0.012403091415762901,0.0016045199008658528,0.0011942547280341387,0.0,0.07522819936275482,0.14112526178359985,0.036474112421274185,-0.037937700748443604,-0.0565217025578022,-0.02208057977259159,0.05072573199868202,0.1025274321436882,0.11041416227817535,0.07306959480047226,0.04516315832734108,0.03991273045539856,0.04668709263205528,0.06641881167888641,0.11797133088111877,0.16617275774478912,0.18717491626739502,0.1725849062204361
0.0,0.0,0.027292799204587936,0.054513491690158844,0.08031874150037766,0.08046875149011612,0.056797757744789124,0.012483128346502781,-0.031157299876213074,-0.029335787519812584,-0.006773031782358885,0.013222932815551758,0.026961199939250946,0.004070548806339502,0.0013740230351686478,0.0037588318809866905,0.010234360583126545,0.0060883453115820885,0.0,0.0,-0.004592352081090212,-0.04950005188584328,-0.05181954428553581,-0.031161174178123474,0.016849052160978317,0.03795371577143669,0.033112384378910065,-0.005999212618917227,-1.6048328689066693e-05,0.04762030765414238,0.06260968744754791,0.07262162119150162,-0.018211182206869125,-0.05264686048030853,-0.03419914096593857,0.032298799604177475,0.09238660335540771,0.12051550298929214,0.0911591500043869,0.027040669694542885,0.014216265641152859,0.008503207936882973,0.02346470206975937,0.06086253747344017,0.1158081591129303,0.13919155299663544,0.21484532952308655
0.0,0.0,0.027292799204587936,0.06467954069375992,0.09502949565649033,0.09556877613067627,0.07530178874731064,0.03435292840003967,-0.016215410083532333,-0.028978168964385986,-0.021313561126589775,0.013514463789761066,0.04430077224969864,0.016027946025133133,0.0,0.0033463097643107176,0.0067309727892279625,0.017748016864061356,0.021845649927854538,0.024367958307266235,0.012737929821014404,-0.03321116417646408,-0.03772890940308571,-0.01932569220662117,0.025263264775276184,0.029015038162469864,0.05055374652147293,0.010919155552983284,-0.025419313460588455,-0.022372834384441376,0.014989380724728107,-0.012095846235752106,-0.022450171411037445,-0.06446892023086548,-0.04651080071926117,0.006600323133170605,0.07139822840690613,0.08431150019168854,0.09045959264039993,0.026186514645814896,-0.005798862315714359,-0.013163634575903416,-0.0015175798907876015,0.028318708762526512,0.051406048238277435,0.10969947278499603,0.18490643799304962
0.0,0.0,0.021432653069496155,0.05715218186378479,0.0995374396443367,0.11358413845300674,0.09770086407661438,0.05791483446955681,0.009273599833250046,-0.028662584722042084,-0.03762083500623703,-0.013328606262803078,0.04309999197721481,0.018305756151676178,-0.0010873755672946572,-0.0002031957556027919,-0.006576112937182188,0.011531995609402657,0.041542258113622665,0.06629235297441483,0.02235407568514347,0.009616144932806492,0.0,5.264283754513599e-05,0.002893773838877678,0.04183648154139519,0.06389769166707993,0.033352360129356384,-0.0369284488260746,-0.04456866905093193,-0.04855429753661156,-0.18301871418952942,-0.10414273291826248,-0.058769091963768005,-0.03751961514353752,-0.007815835997462273,0.010425071232020855,0.04697488248348236,0.08012598752975464,0.03219245374202728,-0.0037442552857100964,-0.017910346388816833,-0.012500221841037273,0.0026480271480977535,0.014693890698254108,0.04720345512032509,0.09598591178655624
0.0,0.0,0.016798753291368484,0.04625143110752106,0.09851103276014328,0.12006884068250656,0.11170326918363571,0.07780662178993225,0.035828810185194016,-0.00033452047500759363,-0.021540658548474312,-0.013788225129246712,0.01516353152692318,-2.9279053705977276e-05,-0.009681584313511848,0.0,-0.0007241179118864238,6.356101039273199e-06,0.03591103479266167,0.08220712095499039,0.11268254369497299,0.061937157064676285,0.0,5.264283754513599e-05,0.0009541838080622256,0.012969409115612507,-0.011376341804862022,-0.04121135547757149,-0.09548136591911316,-0.13738194108009338,-0.17425262928009033,-0.09432899206876755,-0.0018190353875979781,0.04358389973640442,0.05654505267739296,-0.016341621056199074,-0.04167095199227333,-0.01123770885169506,0.03504682704806328,0.04943514242768288,0.020494068041443825,0.011818448081612587,0.006308015435934067,0.04375961795449257,0.02708890102803707,0.039850108325481415,0.0002675916475709528
