currents_20100917.json
{"header": {"parameterCategory":2,"parameterNumber":3,"nx":74,"ny":54,"lo1":22.5,"la1":41.2,"lo2":27.0,"la2":38.2,"dx":0.06164383561643835,"dy":0.05660377358490566,"refTime":"2010-09-17T12:00:00"}, "data":
[rows 0 to 20 of 54, columns 0 to 46 of 74]
0.0,0.0,0.0,0.0,0.0,0.0,0.0,0.0,0.0,0.0,0.0,0.0,0.0,0.0,0.0,0.0,0.0,0.0,0.0,0.0,0.0,0.0,0.0,0.0,0.0,0.0,0.0,0.0,0.0,0.0,0.0,0.0,0.0,0.0,0.0,0.0,0.0,0.0,0.0,0.0,0.0,0.0,0.0,0.0,0.0,0.0,0.0
0.0,0.0,0.0,0.0,0.0,0.0,0.0,0.0,0.0,0.0,0.0,0.0,0.0,0.0,0.0,0.0,0.0,0.0,0.0,0.0,0.0,0.0,0.0,0.0,0.0,0.0,0.0,0.0,0.0,0.0,0.0,0.0,0.0,0.0,0.0,0.0,0.0,0.0,0.0,0.0,0.0,0.0,0.0,0.0,0.0,0.0,0.0
0.0,0.0,0.0,0.0,0.0,0.0,0.0,0.0,0.0,0.0,0.0,0.0,0.0,0.0,0.0,0.0,0.0,0.0,0.0,0.0,0.0,0.0,0.0,0.0,0.0,0.0,0.0,0.0,0.0,0.0,0.0,0.0,0.0,0.0,0.0,0.0,0.0,0.0,0.0,0.0,0.0,0.0,0.0,0.0,0.0,0.0,0.0
0.0,0.0,0.0,0.0,0.0,0.0,0.0,0.0,0.0,0.0,0.0,0.0,0.0,0.0,0.0,0.0,0.0,0.0,0.0,0.0,0.0,0.0,0.0,0.0,0.0,0.0,0.0,0.0,0.0,0.0,0.0,0.0,0.0,0.0,0.0,0.0,0.0,0.0,0.0,0.0,0.0,0.0,0.0014517965028062463,0.0013621017569676042,0.0,0.0,0.0
0.0,0.0,0.0,0.0,0.0,0.0,0.0,0.0,0.0,0.0,0.0,0.0,0.0,0.0,0.0,0.0,0.0,0.0,0.0,0.0,0.0,0.0,0.0,0.0,0.0,0.0,0.0,0.0,0.0,0.0,0.0,0.0,0.0,0.0,0.0,0.0,0.0,0.0,0.0,0.0,0.0,0.001508760848082602,0.006276251748204231,0.0013621017569676042,0.0,0.0,0.0
0.0,0.0,0.0,0.0,0.0,0.0,0.0,0.0,0.0,0.0,0.0,0.0,0.0,0.0,0.0,0.0,0.0,0.0,0.0,0.0,0.0,0.0,0.0,0.0,0.0,0.0,0.0,0.0,0.0,0.0,0.0,0.006665234919637442,0.014281133189797401,0.014281133189797401,-0.014362812042236328,0.0,0.0,0.0,0.0,0.03321477398276329,0.05156790092587471,0.03573020547628403,0.022747697308659554,-0.013707262463867664,-0.046871770173311234,-0.05121058225631714,-0.05453198030591011
0.0,0.0,0.0,0.0,0.0,0.0,0.0,0.0,0.0,0.0,0.0,0.0,0.0,0.0,0.0,0.0,0.0,0.0,0.0,0.0,0.0,0.0,0.0,0.0,0.0,0.0,0.0,0.0,0.0,0.0,0.012647458352148533,0.02245974726974964,0.036982495337724686,0.01614593155682087,-0.020889345556497574,-0.0038182460702955723,0.0,-0.026953838765621185,0.008265502750873566,0.06579535454511642,0.08443710952997208,0.08258470892906189,0.044380154460668564,-0.010245890356600285,-0.06191511079668999,-0.09162335097789764,-0.11439815163612366
0.0,0.0,0.0,0.0,0.0,0.0,0.0,0.0,0.0,0.0,0.0,0.0,0.0,0.0,0.0,0.0,0.0,0.0,0.0,0.0,0.0,0.0,0.0,0.0,0.0,0.0,0.0,0.0,0.0,0.016460951417684555,0.042589109390974045,0.050237737596035004,0.07471820712089539,0.07001538574695587,0.043762266635894775,-0.0008710408001206815,-0.061396244913339615,-0.06876240670681,0.01149754412472248,0.059516455978155136,0.08975506573915482,0.09333333373069763,0.06348392367362976,9.279952064389363e-05,-0.06141476333141327,-0.11233272403478622,-0.16060440242290497
0.0,0.0,0.0,0.0,0.0,0.0,0.0,0.0,0.0,0.0,0.0,0.0,0.0,0.0,0.0,0.0,0.0,0.0,0.0,0.0013864780776202679,0.015196055173873901,0.01605842448771,0.007612846791744232,-0.006007940974086523,-0.0089358976110816,-0.001964080613106489,0.0,0.045883674174547195,0.05156053602695465,0.06699595600366592,0.035151995718479156,0.018749136477708817,0.026194728910923004,0.02994149550795555,0.01500473078340292,0.0,-0.04445773363113403,-0.017924819141626358,0.0521019846200943,0.14534083008766174,0.17808686196804047,0.12457356601953506,0.0725644901394844,0.010729087516665459,-0.05474689230322838,-0.13406479358673096,-0.19431693851947784
0.0,0.0,0.0,0.0,0.0,0.0,0.0,0.0,0.0,0.0,0.0,0.0,0.0,0.0,0.0,0.0,0.0,0.0,0.0,0.0013864780776202679,0.018218962475657463,0.025051021948456764,0.016605444252490997,0.003102948423475027,0.01154050137847662,0.023024708032608032,0.05092554911971092,0.09229949861764908,0.09668950736522675,0.05488038808107376,0.023036425933241844,-0.02668650820851326,-0.083244688808918,-0.07949791848659515,0.0,0.0,0.0,0.026532914489507675,0.11694265156984329,0.21143831312656403,0.20007272064685822,0.14655941724777222,0.08477766811847687,0.034520287066698074,-0.04031138867139816,-0.132877916097641,-0.20905089378356934
0.0,0.0,0.0,0.0,0.0,0.0,0.0,0.0,0.0,0.0,0.0,0.0,0.0,0.0,0.0,0.0,0.0,0.0,0.0,0.001034652697853744,0.001034652697853744,0.010971552692353725,0.02114783599972725,0.03336431086063385,0.06769601255655289,0.09386537224054337,0.11571738868951797,0.12267216295003891,0.09925703704357147,0.0489545576274395,-0.01686115190386772,-0.10128042101860046,-0.20087853074073792,-0.14745184779167175,0.0,0.0,0.0,0.07943625003099442,0.22617396712303162,0.22749249637126923,0.18051756918430328,0.12727995216846466,0.09458684921264648,0.07012026757001877,-0.011218111962080002,-0.10865049064159393,-0.19823810458183289
0.0,0.0,0.0,0.0,0.0,0.005979251116514206,0.003019605064764619,0.0016692433273419738,0.00021492168889380991,0.0,0.0,0.0,0.0,0.0,0.0,0.0,0.0,0.0,0.0,0.0,0.0,0.0,0.006726529449224472,0.013130919076502323,0.0650496855378151,0.12377313524484634,0.14906375110149384,0.17866282165050507,0.12163346260786057,0.06656539440155029,-0.03378523513674736,-0.12059259414672852,-0.20695239305496216,-0.17158859968185425,-0.03193870931863785,0.008380082435905933,0.06300582736730576,0.14812743663787842,0.16864843666553497,0.15430374443531036,0.1234319880604744,0.11209426075220108,0.09964732080698013,0.06696023792028427,0.001626335084438324,-0.09272768348455429,-0.16895803809165955
0.0,0.0,0.0030223543290048838,0.0030223543290048838,0.0011622152524068952,0.0035687796771526337,0.0034319967962801456,0.0017843717942014337,0.00021492168889380991,0.0,0.0,0.0,0.0,0.0,0.0,0.0,0.0,0.0,0.0,0.0,0.0,0.0,0.0,-0.00042439496610313654,0.04795496165752411,0.10667841136455536,0.17893435060977936,0.21822024881839752,0.15786445140838623,0.06746460497379303,-0.032886017113924026,-0.13209564983844757,-0.18705326318740845,-0.15168948471546173,-0.06742488592863083,0.0014550633495673537,0.06514057517051697,0.06137090548872948,0.08189190179109573,0.0747852474451065,0.10802826285362244,0.10711762309074402,0.10574506223201752,0.06921754032373428,0.00946834310889244,-0.06615467369556427,-0.1304762363433838
0.0,0.0,0.00456237280741334,0.008032631129026413,0.003056531073525548,0.0008317483006976545,8.185842489183415e-06,8.185842489183415e-06,8.185842489183415e-06,0.0,0.0,0.0,0.0,0.0,0.0,0.0,0.0,0.0,0.0,0.0,0.0,0.0,-0.0006922116735950112,-0.002160441828891635,0.018745629116892815,0.07865172624588013,0.15729103982448578,0.23456087708473206,0.18673065304756165,0.09373364597558975,-0.025346441194415092,-0.14589287340641022,-0.1793813854455948,-0.16294418275356293,-0.10443425923585892,-0.009056953713297844,0.005403211340308189,-0.006536601576954126,-0.02131531946361065,0.017856357619166374,0.06832220405340195,0.10442791134119034,0.11515168845653534,0.08168809115886688,0.0271670613437891,-0.03137215971946716,-0.08299430459737778
0.0,0.0,0.004793007858097553,0.012909873388707638,0.0159929022192955,-0.004011611919850111,-0.006734457332640886,0.0,0.0,0.0,0.0,0.0,0.0,0.0,0.0,0.0,0.0,0.0,0.0,0.0,0.0,0.0,0.0,-0.000440475792856887,0.008326425217092037,0.01898481324315071,0.08197351545095444,0.1291191428899765,0.1977797895669937,0.10463093221187592,-0.014600367285311222,-0.1333923190832138,-0.17745327949523926,-0.16484397649765015,-0.1022781953215599,-0.051475994288921356,-0.04572292044758797,-0.048995498567819595,-0.056566715240478516,-0.018418891355395317,0.0418749675154686,0.08009713888168335,0.1343299299478531,0.13146339356899261,0.09353112429380417,0.046627070754766464,-0.0013260155683383346
0.0,0.0,0.01550152339041233,0.021244317293167114,0.027840932831168175,0.0072462591342628,-0.018366986885666847,-0.002457218710333109,-0.02112291380763054,0.0,0.0,0.0,0.0,0.0,0.0,0.0,0.0,0.0,0.0,0.001857186434790492,0.012042018584907055,0.012042018584907055,0.007745665498077869,-0.010375835001468658,0.004138983320444822,0.014797370880842209,0.013933148235082626,0.04974636808037758,0.11773662269115448,0.1200314313173294,0.0008001308306120336,-0.12340782582759857,-0.18867379426956177,-0.18245640397071838,-0.1267918050289154,-0.08047449588775635,-0.0530889555811882,-0.056340545415878296,-0.07321713119745255,-0.05596873536705971,0.0043251244351267815,0.08326224237680435,0.14575818181037903,0.17125684022903442,0.1527305692434311,0.10536827147006989,0.05827418714761734
0.0,0.0,0.01887788064777851,0.0396045483648777,0.0396636538207531,0.03218455612659454,0.014280603267252445,-0.016826635226607323,-0.0673765316605568,-0.023512989282608032,-0.0023242589086294174,-0.0023242589086294174,-0.0023242589086294174,0.0,0.0010363131295889616,-0.0004047849797643721,-0.0004047849797643721,-0.0004047849797643721,0.0,0.0006849353667348623,0.025753462687134743,0.028050348162651062,0.007997916080057621,-0.028479255735874176,0.002949311165139079,0.00550758047029376,-0.00039630188257433474,-0.0007394746644422412,0.0,0.022831110283732414,0.01710132323205471,-0.11711852252483368,-0.19134549796581268,-0.1975872814655304,-0.14379751682281494,-0.07909753918647766,-0.03813587501645088,-0.03212595731019974,-0.05730155110359192,-0.08122354000806808,-0.030879894271492958,0.04418666288256645,0.13461147248744965,0.1794177144765854,0.1776568740606308,0.1467912495136261,0.09929151087999344
0.0,0.0,0.01635310985147953,0.035749491304159164,0.03548534959554672,0.04157082363963127,0.036462873220443726,0.021019989624619484,-0.023026082664728165,-0.027837049216032028,-0.047515906393527985,-0.04796559736132622,-0.018678981810808182,-0.001714646234177053,0.010670367628335953,0.017391115427017212,-0.008353523910045624,-0.0049694497138261795,0.0,0.0,0.0027340364176779985,0.030929189175367355,0.02018609642982483,0.006423167884349823,0.011032418347895145,-0.0010729061905294657,-0.00817845854908228,-0.04089396446943283,-8.95830089575611e-05,0.014452352188527584,-0.0029401713982224464,-0.0897817462682724,-0.18775144219398499,-0.21623705327510834,-0.16641949117183685,-0.032493140548467636,0.011894835159182549,0.006704186089336872,-0.03872871771454811,-0.10567237436771393,-0.08670306205749512,-0.05516121909022331,0.03251536190509796,0.13813981413841248,0.15953955054283142,0.13618576526641846,0.10085839778184891
0.0,0.0,0.01635310985147953,0.02981257066130638,0.032361000776290894,0.05041060969233513,0.061246275901794434,0.055401381105184555,0.014551145024597645,-0.027449754998087883,-0.05174894630908966,-0.0790390744805336,-0.059586722403764725,-0.006751487031579018,0.0,0.014187556691467762,-0.004516168963164091,-0.01192921120673418,-0.016013622283935547,-0.01825558952987194,-0.009542793966829777,0.021231671795248985,0.02411983720958233,0.012264367192983627,0.005364635493606329,0.00020705095084849745,-0.006806401070207357,-0.048732053488492966,-0.044083792716264725,-0.027078116312623024,-0.01739252358675003,-0.07607085257768631,-0.1722130924463272,-0.2101135402917862,-0.1938428282737732,-0.06437789648771286,-0.002987494459375739,0.002680715173482895,0.005872043315321207,-0.07982727885246277,-0.14635486900806427,-0.1333216428756714,-0.05368196591734886,0.06270044296979904,0.10543671995401382,0.11583340913057327,0.08622432500123978
0.0,0.0,0.006847728043794632,0.01867295429110527,0.030477376654744148,0.06412923336029053,0.08871953934431076,0.08673472702503204,0.047641344368457794,-0.0037556816823780537,-0.052632126957178116,-0.0963425412774086,-0.10943165421485901,-0.04451010376214981,-0.0044315168634057045,0.0002666920772753656,0.008631072007119656,-0.004066124092787504,-0.02575105056166649,-0.047912679612636566,-0.01516392920166254,-0.005621135234832764,0.0,0.0001818649034248665,0.009997102431952953,0.03203838691115379,0.035921502858400345,-0.030134353786706924,-0.055991094559431076,-0.03870001435279846,-0.013377759605646133,-0.061424121260643005,-0.15165561437606812,-0.20166517794132233,-0.19400984048843384,-0.118228979408741,-0.029558757320046425,0.03353770449757576,0.055808160454034805,-0.048582516610622406,-0.13478432595729828,-0.16226454079151154,-0.11618678271770477,0.005180886946618557,0.039053577929735184,0.05116156488656998,0.05984487384557724
0.0,0.0,0.007113827858120203,0.021099567413330078,0.03886393830180168,0.055579569190740585,0.09754963219165802,0.1116611585021019,0.0534411184489727,0.0064794402569532394,-0.04304245114326477,-0.09151603281497955,-0.13532228767871857,-0.07892629504203796,-0.0394565649330616,0.0,0.000950396410189569,0.003114371094852686,-0.01440594531595707,-0.03844091296195984,-0.06796560436487198,-0.0362054780125618,0.0,0.0001818649034248665,0.003296412993222475,0.04046444594860077,0.07364281266927719,0.0021877598483115435,-0.07977819442749023,-0.06568359583616257,-0.022337589412927628,-0.09233663231134415,-0.1938733607530594,-0.2587501108646393,-0.25915125012397766,-0.13335829973220825,0.07899442315101624,0.1491336077451706,0.0818718671798706,-0.04158340394496918,-0.12427062541246414,-0.14828786253929138,-0.10244350135326385,-0.026514705270528793,-0.025888167321681976,-0.022410469129681587,0.00994160771369934
