currents_20100916.json
{"header": {"parameterCategory":2,"parameterNumber":3,"nx":74,"ny":54,"lo1":22.5,"la1":41.2,"lo2":27.0,"la2":38.2,"dx":0.06164383561643835,"dy":0.05660377358490566,"refTime":"2010-09-16T12:00:00"}, "data":
[rows 0 to 20 of 54, columns 0 to 46 of 74]
0.0,0.0,0.0,0.0,0.0,0.0,0.0,0.0,0.0,0.0,0.0,0.0,0.0,0.0,0.0,0.0,0.0,0.0,0.0,0.0,0.0,0.0,0.0,0.0,0.0,0.0,0.0,0.0,0.0,0.0,0.0,0.0,0.0,0.0,0.0,0.0,0.0,0.0,0.0,0.0,0.0,0.0,0.0,0.0,0.0,0.0,0.0
0.0,0.0,0.0,0.0,0.0,0.0,0.0,0.0,0.0,0.0,0.0,0.0,0.0,0.0,0.0,0.0,0.0,0.0,0.0,0.0,0.0,0.0,0.0,0.0,0.0,0.0,0.0,0.0,0.0,0.0,0.0,0.0,0.0,0.0,0.0,0.0,0.0,0.0,0.0,0.0,0.0,0.0,0.0,0.0,0.0,0.0,0.0
0.0,0.0,0.0,0.0,0.0,0.0,0.0,0.0,0.0,0.0,0.0,0.0,0.0,0.0,0.0,0.0,0.0,0.0,0.0,0.0,0.0,0.0,0.0,0.0,0.0,0.0,0.0,0.0,0.0,0.0,0.0,0.0,0.0,0.0,0.0,0.0,0.0,0.0,0.0,0.0,0.0,0.0,0.0,0.0,0.0,0.0,0.0
0.0,0.0,0.0,0.0,0.0,0.0,0.0,0.0,0.0,0.0,0.0,0.0,0.0,0.0,0.0,0.0,0.0,0.0,0.0,0.0,0.0,0.0,0.0,0.0,0.0,0.0,0.0,0.0,0.0,0.0,0.0,0.0,0.0,0.0,0.0,0.0,0.0,0.0,0.0,0.0,0.0,0.0,0.0011029404122382402,0.001034798682667315,0.0,0.0,0.0
0.0,0.0,0.0,0.0,0.0,0.0,0.0,0.0,0.0,0.0,0.0,0.0,0.0,0.0,0.0,0.0,0.0,0.0,0.0,0.0,0.0,0.0,0.0,0.0,0.0,0.0,0.0,0.0,0.0,0.0,0.0,0.0,0.0,0.0,0.0,0.0,0.0,0.0,0.0,0.0,0.0,0.001146216643974185,0.004768114537000656,0.001034798682667315,0.0,0.0,0.0
0.0,0.0,0.0,0.0,0.0,0.0,0.0,0.0,0.0,0.0,0.0,0.0,0.0,0.0,0.0,0.0,0.0,0.0,0.0,0.0,0.0,0.0,0.0,0.0,0.0,0.0,0.0,0.0,0.0,0.0,0.0,0.012152448296546936,0.01655583828687668,0.01655583828687668,-0.01782933808863163,0.0,0.0,0.0,0.0,0.033542197197675705,0.048424363136291504,0.03266137093305588,0.01914381980895996,-0.015753449872136116,-0.04871358349919319,-0.048148758709430695,-0.04677549749612808
0.0,0.0,0.0,0.0,0.0,0.0,0.0,0.0,0.0,0.0,0.0,0.0,0.0,0.0,0.0,0.0,0.0,0.0,0.0,0.0,0.0,0.0,0.0,0.0,0.0,0.0,0.0,0.0,0.0,0.0,0.01476307027041912,0.032715436071157455,0.04428496211767197,0.0160114336758852,-0.026679325848817825,-0.004739795811474323,0.0,-0.02955770678818226,0.007252464536577463,0.06525757908821106,0.08026153594255447,0.07812411338090897,0.039772309362888336,-0.014309597201645374,-0.06542090326547623,-0.0903235673904419,-0.10357993096113205
0.0,0.0,0.0,0.0,0.0,0.0,0.0,0.0,0.0,0.0,0.0,0.0,0.0,0.0,0.0,0.0,0.0,0.0,0.0,0.0,0.0,0.0,0.0,0.0,0.0,0.0,0.0,0.0,0.0,0.01685241423547268,0.04541677609086037,0.060260988771915436,0.0836029127240181,0.07614444941282272,0.04801829904317856,-0.0013346337946131825,-0.06732741743326187,-0.07675058394670486,0.007658874150365591,0.05563849210739136,0.0878920629620552,0.09291467070579529,0.061819858849048615,-0.004809036385267973,-0.0662127211689949,-0.11481441557407379,-0.1599959433078766
0.0,0.0,0.0,0.0,0.0,0.0,0.0,0.0,0.0,0.0,0.0,0.0,0.0,0.0,0.0,0.0,0.0,0.0,0.0,0.001167623559013009,0.012797369621694088,0.013963351026177406,0.005225198343396187,-0.009994523599743843,-0.01456113625317812,-0.00317499996162951,0.0,0.04787474870681763,0.05636332929134369,0.0723443329334259,0.04057649150490761,0.024733606725931168,0.03101849928498268,0.033365312963724136,0.01659136451780796,0.0,-0.048752561211586,-0.02743328921496868,0.041968125849962234,0.14706122875213623,0.1855141818523407,0.12997180223464966,0.07567785680294037,0.002272900426760316,-0.0697072446346283,-0.14846006035804749,-0.19908547401428223
0.0,0.0,0.0,0.0,0.0,0.0,0.0,0.0,0.0,0.0,0.0,0.0,0.0,0.0,0.0,0.0,0.0,0.0,0.0,0.001167623559013009,0.01534311380237341,0.028200160712003708,0.01946200802922249,0.0020124048460274935,0.004525857511907816,0.012850482948124409,0.047270067036151886,0.08957792073488235,0.0971074104309082,0.0654054656624794,0.03363761678338051,-0.02327617071568966,-0.08160479366779327,-0.07925797998905182,0.0,0.0,0.0,0.021319271996617317,0.11464086920022964,0.2303713858127594,0.20900984108448029,0.15346746146678925,0.07621879875659943,0.016113918274641037,-0.07106725126504898,-0.16320039331912994,-0.22160784900188446
0.0,0.0,0.0,0.0,0.0,0.0,0.0,0.0,0.0,0.0,0.0,0.0,0.0,0.0,0.0,0.0,0.0,0.0,0.0,0.0008713335264474154,0.0008713335264474154,0.02121596597135067,0.03825260326266289,0.0462011992931366,0.07016006112098694,0.08546632528305054,0.09998420625925064,0.10471685975790024,0.09291346371173859,0.05539115518331528,-0.004473240580409765,-0.10206247866153717,-0.20179909467697144,-0.14783096313476562,0.0,0.0,0.0,0.08338623493909836,0.24279263615608215,0.27110058069229126,0.20046167075634003,0.1139136552810669,0.0472739078104496,0.03411589190363884,-0.0544864647090435,-0.1517990678548813,-0.22267110645771027
0.0,0.0,0.0,0.0,0.0,0.004847323521971703,0.0051756505854427814,0.005325452424585819,0.0006856730906292796,0.0,0.0,0.0,0.0,0.0,0.0,0.0,0.0,0.0,0.0,0.0,0.0,0.0,0.013771777041256428,0.017953842878341675,0.0730748176574707,0.12296877056360245,0.13774988055229187,0.13903722167015076,0.11964679509401321,0.07833630591630936,-0.016998305916786194,-0.13329467177391052,-0.21773576736450195,-0.17408785223960876,-0.03325094282627106,0.00018054009706247598,0.08475054055452347,0.17562948167324066,0.22032687067985535,0.18578198552131653,0.12877468764781952,0.07502733916044235,0.041317179799079895,0.014904293231666088,-0.03753139078617096,-0.1283397078514099,-0.16220004856586456
0.0,0.0,0.009134655818343163,0.009134655818343163,0.0007167902076616883,0.0028931766282767057,0.0055099730379879475,0.00569275114685297,0.0006856730906292796,0.0,0.0,0.0,0.0,0.0,0.0,0.0,0.0,0.0,0.0,0.0,0.0,0.0,0.0,0.0014632472302764654,0.0549338273704052,0.10482777655124664,0.16410131752490997,0.16975346207618713,0.14911575615406036,0.08339107036590576,-0.01194353960454464,-0.1427360624074936,-0.20765382051467896,-0.16400590538978577,-0.06825810670852661,-0.0025259782560169697,0.08955619484186172,0.12347373366355896,0.16817112267017365,0.1164032593369484,0.08900764584541321,0.05221955478191376,0.03288855031132698,0.0035413189325481653,-0.0363769493997097,-0.08397038280963898,-0.11496943235397339
0.0,0.0,0.013789152726531029,0.022093042731285095,-0.00042577963904477656,-0.0005016747745685279,2.611561467347201e-05,2.611561467347201e-05,2.611561467347201e-05,0.0,0.0,0.0,0.0,0.0,0.0,0.0,0.0,0.0,0.0,0.0,0.0,0.0,0.0010673493379727006,0.004140128381550312,0.015558082610368729,0.07619891315698624,0.14869453012943268,0.19369642436504364,0.1626652330160141,0.09633797407150269,-0.003116665640845895,-0.1382732391357422,-0.19747444987297058,-0.1884932667016983,-0.11932164430618286,-0.002046301495283842,0.06219477578997612,0.08835798501968384,0.08242334425449371,0.05760164558887482,0.037701305001974106,0.02563709206879139,0.020925311371684074,0.002934538060799241,-0.02353934943675995,-0.05483885109424591,-0.0879489853978157
0.0,0.0,0.013314560055732727,0.025565331801772118,0.014596039429306984,-0.006907953415066004,-0.008310909382998943,0.0,0.0,0.0,0.0,0.0,0.0,0.0,0.0,0.0,0.0,0.0,0.0,0.0,0.0,0.0,0.0,0.0014880428789183497,0.006276129279285669,0.015885083004832268,0.07089178264141083,0.10780010372400284,0.1925046741962433,0.12349007278680801,0.012017752975225449,-0.12436304986476898,-0.18828120827674866,-0.21435311436653137,-0.16475118696689606,-0.04235222935676575,-0.009683217853307724,0.020776724442839622,0.020241087302565575,-0.004671616014093161,0.0004376900033093989,-0.007315082475543022,0.04264470934867859,0.07518821209669113,0.0804223045706749,0.073053278028965,0.04033929109573364
0.0,0.0,0.013873289339244366,0.0284276120364666,0.026037942618131638,0.006821868009865284,-0.021488746628165245,-0.0018547013169154525,-0.019916247576475143,0.0,0.0,0.0,0.0,0.0,0.0,0.0,0.0,0.0,0.0,0.001194626442156732,0.007745971437543631,0.007745971437543631,0.002512579318135977,-0.0136855598539114,0.0013627121224999428,0.010971666313707829,0.01256127841770649,0.04241172596812248,0.1248197928071022,0.14823701977729797,0.03676469996571541,-0.10093934088945389,-0.19369688630104065,-0.23144376277923584,-0.20438630878925323,-0.0752902552485466,-0.02903435379266739,-0.015361352823674679,-0.019672883674502373,-0.04398731142282486,-0.038878004997968674,-0.0047909971326589584,0.05381074175238609,0.11675103008747101,0.1669965386390686,0.15987667441368103,0.1254284381866455
0.0,0.0,0.01412149053066969,0.03094210848212242,0.034895747900009155,0.0355139896273613,0.018497919663786888,-0.015140378847718239,-0.06405413895845413,-0.022578073665499687,-0.002166753401979804,-0.002166753401979804,-0.002166753401979804,0.0,0.0010974487522616982,-8.377028279937804e-05,-8.377028279937804e-05,-8.377028279937804e-05,0.0,0.0004405814397614449,0.01656579226255417,0.01448582299053669,-0.005328398197889328,-0.03817743808031082,-0.0055937981233000755,0.0017816958716139197,-0.0001620888215256855,-0.0005386234261095524,0.0,0.04684506729245186,0.06950787454843521,-0.06926599889993668,-0.1834539771080017,-0.24555805325508118,-0.23612603545188904,-0.09671733528375626,-0.04172299802303314,-0.027926873415708542,-0.04080319032073021,-0.06384040415287018,-0.06787756085395813,-0.034804150462150574,0.03821805492043495,0.10707279294729233,0.17579828202724457,0.20455937087535858,0.17190895974636078
0.0,0.0,0.010364068672060966,0.025204923003911972,0.035015467554330826,0.04537476971745491,0.03830289468169212,0.018229210749268532,-0.027622824534773827,-0.030324943363666534,-0.04556497931480408,-0.04471516236662865,-0.01594948023557663,-0.001357013825327158,0.01129984948784113,0.019373241811990738,-0.0017287624068558216,-0.0010284279705956578,0.0,0.0,0.0017586559988558292,0.018588999286293983,0.005572241265326738,-0.010049298405647278,-0.0002585338370408863,-0.0019932289142161608,-0.003345017321407795,-0.03924098610877991,-8.63433742779307e-05,0.029653459787368774,0.023845819756388664,-0.03279835730791092,-0.14950881898403168,-0.21928246319293976,-0.23477783799171448,-0.09253095835447311,-0.02415722794830799,-0.023396050557494164,-0.06501377373933792,-0.1040709838271141,-0.10387995839118958,-0.07062151283025742,-0.004406659863889217,0.061170510947704315,0.14009279012680054,0.17220337688922882,0.16383770108222961
0.0,0.0,0.010364068672060966,0.018679417669773102,0.030402954667806625,0.05042416974902153,0.0599440298974514,0.05016899108886719,0.005713213235139847,-0.03179273381829262,-0.05537710338830948,-0.07028517872095108,-0.04578007385134697,-0.005343295633792877,0.0,0.015980694442987442,0.0029555291403084993,-0.005269945133477449,-0.00818607397377491,-0.009162847883999348,-0.004789720289409161,0.012351117096841335,0.014031250961124897,0.0006614411831833422,-0.0037903098855167627,-0.007128764409571886,-0.003458158578723669,-0.05145430937409401,-0.045670751482248306,-0.029280059039592743,-0.005807641427963972,-0.05055275186896324,-0.12098196148872375,-0.2039225995540619,-0.22816956043243408,-0.11607907712459564,-0.036601584404706955,-0.04505345597863197,-0.07033073157072067,-0.11840274184942245,-0.14208023250102997,-0.11031448841094971,-0.049322277307510376,0.015254992060363293,0.08552129566669464,0.13684260845184326,0.12934637069702148
0.0,0.0,0.0009807093301787972,0.006844773422926664,0.02289562113583088,0.06202581152319908,0.0860355868935585,0.08059483766555786,0.036702025681734085,-0.01632680930197239,-0.057947251945734024,-0.08584929257631302,-0.0831112340092659,-0.03353862091898918,-0.004544365219771862,0.00045637349830940366,0.014769814908504486,0.003213797928765416,-0.013746306300163269,-0.023595251142978668,-0.007167394272983074,-0.0023776739835739136,0.0,-0.00015397641982417554,-0.008464074693620205,0.026609433814883232,0.039775948971509933,-0.04191144183278084,-0.06482288241386414,-0.045228563249111176,-0.023421285673975945,-0.09677211940288544,-0.1379511058330536,-0.17748701572418213,-0.19647611677646637,-0.1480822116136551,-0.07532859593629837,-0.04746493324637413,-0.061343107372522354,-0.12054165452718735,-0.15443742275238037,-0.14799995720386505,-0.09307003766298294,-0.02988515794277191,0.030535995960235596,0.07359323650598526,0.07556283473968506
0.0,0.0,0.00017434757319279015,0.0050745015032589436,0.02330254577100277,0.056511323899030685,0.09631142765283585,0.10481029003858566,0.05048428848385811,-0.00024164603382814676,-0.04516145586967468,-0.08058806508779526,-0.111073337495327,-0.06947831809520721,-0.04046132415533066,0.0,0.0016263540601357818,0.008184646256268024,-0.0031550072599202394,-0.01430883351713419,-0.02950187958776951,-0.015314490534365177,0.0,-0.00015397641982417554,-0.0027909171767532825,0.04979223012924194,0.08219504356384277,-0.026562292128801346,-0.08182241767644882,-0.0825205072760582,-0.06487388908863068,-0.1435544490814209,-0.20253810286521912,-0.25186389684677124,-0.26983755826950073,-0.1662546992301941,0.034771330654621124,0.08811822533607483,0.06191602721810341,-0.07175092399120331,-0.12401286512613297,-0.13931214809417725,-0.1103028953075409,-0.055854085832834244,-0.03600979596376419,-0.00905755814164877,0.0005414961487986147
