currents_20100915.json
{"header": {"parameterCategory":2,"parameterNumber":3,"nx":74,"ny":54,"lo1":22.5,"la1":41.2,"lo2":27.0,"la2":38.2,"dx":0.06164383561643835,"dy":0.05660377358490566,"refTime":"2010-09-15T12:00:00"}, "data":
[rows 21 to 41 of 54, columns 0 to 46 of 74]
0.0,0.0,-0.0017976488452404737,-0.011963978409767151,0.0016289659542962909,0.010555497370660305,0.03995556756854057,0.06899840384721756,0.01620931178331375,-0.030805062502622604,-0.06723286211490631,-0.051527634263038635,-0.1008172258734703,-0.17285089194774628,-0.1266089379787445,0.0,0.0,-0.00766562158241868,-0.00766562158241868,-0.02608821727335453,-0.04095955565571785,-0.038655467331409454,-0.011737581342458725,-0.000186299963388592,-0.005855933763086796,0.07372374832630157,0.10079937428236008,-0.06248285993933678,-0.1658613085746765,-0.1926921010017395,-0.24276188015937805,-0.29231521487236023,-0.2561121881008148,-0.19217608869075775,-0.18897968530654907,-0.08496515452861786,0.06515494734048843,0.07356154918670654,0.07820437103509903,-0.016135498881340027,-0.1195106953382492,-0.10096662491559982,-0.07708332687616348,-0.053348902612924576,-0.03655822202563286,-0.018302414566278458,-0.021870113909244537
0.0,0.0,0.0,-0.0012681918451562524,-0.002977910917252302,-0.015683457255363464,0.01084891427308321,0.047450385987758636,-0.005233084317296743,-0.046189017593860626,-0.029684612527489662,-0.0014203840401023626,-0.06849057972431183,-0.18671904504299164,-0.1695113629102707,-0.011740922927856445,-0.011740922927856445,-3.396544707356952e-05,-3.396544707356952e-05,-0.005677120294421911,-0.03704051673412323,-0.039829857647418976,-0.03205665200948715,-0.008784856647253036,0.0070184762589633465,0.07089757174253464,0.10292799025774002,-0.05889733508229256,-0.19309718906879425,-0.3111857771873474,-0.37650227546691895,-0.32347336411476135,-0.2542836666107178,-0.1903475522994995,-0.11711658537387848,0.037237849086523056,0.13998107612133026,0.15065504610538483,0.07231408357620239,-0.04247976467013359,-0.148603618144989,-0.12434806674718857,0.0,0.0,0.0,0.0,-0.003458332037553191
0.0,0.0,0.0,-0.002023115986958146,-0.00767740560695529,-0.027286972850561142,-0.01935805380344391,0.00024948164355009794,-0.0013803974725306034,-0.029669588431715965,0.014159600250422955,0.07073181867599487,-0.07084204256534576,-0.20414599776268005,-0.21271803975105286,-0.08418980985879898,-0.01221087109297514,0.0016449091490358114,0.0008626342169009149,0.0013126126723363996,-0.0901455506682396,-0.10940088331699371,-0.11685311794281006,-0.08453719317913055,0.10389436036348343,0.1336248368024826,0.13100744783878326,-0.05471813678741455,-0.22618073225021362,-0.33806848526000977,-0.38426005840301514,-0.29371315240859985,-0.22727058827877045,-0.14930090308189392,-0.0466129444539547,0.02138095535337925,0.09184376150369644,0.1078689768910408,0.07044828683137894,-0.018175775185227394,-0.08012950420379639,-0.03875502198934555,0.0,0.0,0.0,0.0,-0.003458332037553191
0.0,0.0,0.0,0.0,-0.004526129458099604,-0.012314124964177608,-0.0561867393553257,-0.036963727325201035,-0.01670132577419281,-0.015923522412776947,-0.015284763649106026,0.03342656418681145,-0.12499343603849411,-0.25103500485420227,-0.1810915172100067,-0.10117707401514053,-0.0698549821972847,-0.05200914666056633,-0.006907965987920761,-0.0030982429161667824,-0.09278459846973419,-0.14588342607021332,-0.15333567559719086,-0.09199409931898117,0.08085945248603821,0.14982202649116516,0.12748640775680542,-0.048623278737068176,-0.20908001065254211,-0.32096776366233826,-0.3283500671386719,-0.2672751843929291,-0.19957351684570312,-0.0996033251285553,-0.000889917544554919,0.04728924483060837,0.07614938169717789,0.05256697162985802,0.04364021494984627,0.0016511711291968822,0.0011392395244911313,-0.015066762454807758,0.012870954349637032,0.005268107168376446,-0.023846745491027832,-0.023846745491027832,-0.006169105414301157
0.0,0.0,0.0,0.0,0.0,0.0,-0.03483670577406883,-0.06945589929819107,-0.03407936543226242,-0.028995905071496964,-0.024902183562517166,-0.021160583943128586,-0.18815644085407257,-0.20029598474502563,-0.1543494164943695,-0.09463983029127121,-0.11639207601547241,-0.06293990463018417,-0.017838722094893456,0.0001289146748604253,-0.07575184851884842,-0.12122266739606857,-0.12051079422235489,-0.06233145669102669,0.04550635442137718,0.11712264269590378,0.08649179339408875,-0.04689669981598854,-0.18732628226280212,-0.2573085427284241,-0.2788759171962738,-0.2437126636505127,-0.15136036276817322,-0.05767129361629486,0.031225234270095825,0.07210894674062729,0.04249119758605957,0.009655184112489223,0.018746180459856987,0.035582222044467926,0.042188506573438644,0.04182702302932739,0.026754993945360184,0.006434343289583921,-0.018735766410827637,-0.04697993025183678,-0.01689467579126358
0.0,0.0,0.0,0.0,0.0,0.0,-0.03615085780620575,-0.0727372020483017,-0.06476302444934845,-0.09378432482481003,-0.10282819718122482,-0.09794433414936066,-0.18633943796157837,-0.18226474523544312,-0.13943663239479065,-0.10789930820465088,-0.05350753664970398,-0.015309509821236134,0.016139227896928787,0.020691532641649246,0.012667790055274963,-0.0069940173998475075,0.0016731403302401304,0.008259045891463757,-0.0134340301156044,0.024016667157411575,-0.016240479424595833,-0.0356786847114563,-0.13540208339691162,-0.19752594828605652,-0.22310590744018555,-0.19788363575935364,-0.11305327713489532,-0.029306957498192787,0.048187583684921265,0.10425363481044769,0.0684426948428154,0.009760985150933266,-0.029155591502785683,-0.020987603813409805,0.004788628313690424,0.023419195786118507,0.03211475536227226,0.02380732074379921,0.013523127883672714,-0.02372925542294979,-0.06618699431419373
0.0,0.0,0.0,0.0,0.0,0.0,-0.03615085780620575,-0.06561320275068283,-0.07590274512767792,-0.1188904345035553,-0.17216600477695465,-0.17851118743419647,-0.21473917365074158,-0.18153396248817444,-0.1320093870162964,-0.0879853218793869,-0.03790540248155594,0.009024549275636673,0.029212631285190582,0.05138586461544037,0.05109354853630066,0.042237114161252975,0.04549569636583328,0.02350110560655594,-0.012436451390385628,-0.075081467628479,-0.08457469195127487,-0.08900389820337296,-0.14305061101913452,-0.14465226233005524,-0.1695190817117691,-0.15946917235851288,-0.10041139274835587,-0.016665076836943626,0.03566591814160347,0.10260571539402008,0.07437700033187866,0.034030333161354065,-0.031183646991848946,-0.05825456231832504,-0.03379660099744797,-0.013320734724402428,0.011363210156559944,0.01841633766889572,0.011277728714048862,-0.019900372251868248,-0.04711921885609627
0.0,0.0,0.0,0.0,0.0,0.0,-0.008442951366305351,-0.03518860787153244,-0.06374231725931168,-0.11406917124986649,-0.18034331500530243,-0.22093239426612854,-0.21715286374092102,-0.190657839179039,-0.1395745426416397,-0.0752180963754654,-0.03270141780376434,0.010146229527890682,0.05009028688073158,0.0824030339717865,0.09938676655292511,0.08983341604471207,0.05904232710599899,0.023913322016596794,-0.03807476907968521,-0.10071978718042374,-0.16163232922554016,-0.15788665413856506,-0.14085416495800018,-0.1424558162689209,-0.13512566685676575,-0.1344122588634491,-0.0818614587187767,-0.042572300881147385,0.005151016172021627,0.08359137177467346,0.09427600353956223,0.059296246618032455,-0.00712093710899353,-0.06526541709899902,-0.05332726612687111,-0.030026497319340706,-0.019936416298151016,-0.0031310459598898888,-0.004147494677454233,-0.013206703588366508,-0.02731892839074135
0.0,0.0,0.0,0.0,0.0,0.0,0.0,-0.01058276742696762,-0.01058276742696762,-0.06356675922870636,-0.14584298431873322,-0.21928055584430695,-0.2506404519081116,-0.22010236978530884,-0.16476203501224518,-0.09502649307250977,-0.03073960356414318,0.0074597918428480625,0.04702704772353172,0.09070979058742523,0.13562409579753876,0.12556329369544983,0.08965551853179932,0.03784464672207832,-0.023230593651533127,-0.08842945098876953,-0.1562928408384323,-0.21256501972675323,-0.19740641117095947,-0.1760023832321167,-0.1416039913892746,-0.1267765462398529,-0.09343262761831284,-0.0616566427052021,-0.018665684387087822,0.06232959404587746,0.09183994680643082,0.07011215388774872,0.01260087825357914,-0.056946638971567154,-0.0292140431702137,-0.011960658244788647,-0.044587623327970505,-0.025010593235492706,-0.03047281876206398,-0.04084613174200058,-0.04524395614862442
0.0,0.0,0.0,0.0,0.0,0.0,0.0,0.0,0.0,-0.036742065101861954,-0.09218307584524155,-0.17749640345573425,-0.22667378187179565,-0.21956603229045868,-0.16263863444328308,-0.11881417036056519,-0.06688132882118225,-0.02886749617755413,0.019407017156481743,0.07221446186304092,0.12850600481033325,0.12096676975488663,0.08488817512989044,0.034030038863420486,-0.025749117136001587,-0.09001469612121582,-0.14432494342327118,-0.2050071656703949,-0.21216005086898804,-0.2179235816001892,-0.18649999797344208,-0.1410691887140274,-0.10481086373329163,-0.0730348750948906,-0.032208703458309174,0.03452419117093086,0.06906862556934357,0.06375637650489807,0.01436267513781786,-0.048689305782318115,-0.027610834687948227,-0.01686811074614525,-0.047663092613220215,-0.02453804761171341,-0.029324539005756378,-0.03677424043416977,-0.04294804856181145
0.0,0.0,0.0,0.0,0.0,0.0,0.0,0.0,0.0,0.0,-0.04769422486424446,-0.10336916893720627,-0.16604644060134888,-0.1676047295331955,-0.172097846865654,-0.13614745438098907,-0.09870508313179016,-0.07021323591470718,-0.020093893632292747,0.052594028413295746,0.12133436650037766,0.09467240422964096,0.053040675818920135,0.025334935635328293,-0.048019394278526306,-0.10401889681816101,-0.09623473882675171,-0.14888440072536469,-0.1905801147222519,-0.26730114221572876,-0.21763479709625244,-0.16536280512809753,-0.1286093145608902,-0.08583904802799225,-0.0446648895740509,0.01010153442621231,0.053736839443445206,0.057571329176425934,0.010886886157095432,-0.044108305126428604,-0.01874385215342045,-0.009205992333590984,-0.03969210013747215,-0.014951517805457115,-0.010686805471777916,-0.018136506900191307,-0.029988717287778854
0.0,0.0,0.0,0.0,0.0,0.0,0.0,0.0,0.0,0.0,-0.011705398559570312,-0.021822592243552208,-0.07645239681005478,-0.11399250477552414,-0.1365531086921692,-0.12878777086734772,-0.12333222478628159,-0.09786258637905121,-0.045253220945596695,0.03867761418223381,0.06801879405975342,0.03132396563887596,-0.004397610202431679,0.018583375960588455,-0.09398647397756577,-0.07914142310619354,-0.01199408806860447,-0.0169838834553957,-0.25407302379608154,-0.22686630487442017,-0.06329287588596344,-0.2133341282606125,-0.1385980248451233,-0.09577395766973495,-0.07247182726860046,-0.014440643601119518,0.02794453129172325,0.034409984946250916,0.000715767266228795,-0.03280498832464218,-0.03512343019247055,-0.028727082535624504,-0.018811961635947227,-0.0017381145153194666,0.005128775257617235,0.0036007650196552277,-0.00033077053376473486
0.0,0.0,0.0,0.0,0.0,0.0,0.0,-0.001890110899694264,-0.006174340844154358,0.0,0.0,0.0,-0.02178335003554821,-0.06325487047433853,-0.09510918706655502,-0.1048453226685524,-0.11150162667036057,-0.09069579839706421,-0.05623912438750267,0.007670439314097166,0.006424639839679003,-0.03899196535348892,-0.029453134164214134,0.0069638886488974094,-0.10285071283578873,-0.0680411234498024,-0.02321971394121647,-0.058006610721349716,-0.28207987546920776,-0.18689624965190887,-0.10705279558897018,-0.1933155357837677,-0.1878354400396347,-0.09984970837831497,-0.06086934730410576,0.006142111495137215,0.036186154931783676,0.01889864355325699,-0.008361824788153172,-0.02655658684670925,-0.011885098181664944,-0.005488750524818897,0.016231626272201538,0.022798212245106697,0.025472376495599747,0.0015073607210069895,-0.012835894711315632
0.0,0.0,0.0,0.0,0.0,0.0,-0.001158420229330659,-0.0030485312454402447,-0.007685419637709856,-0.008323056623339653,-0.0046883029863238335,-0.01513085700571537,-0.007147002965211868,-0.016608281061053276,-0.048462603241205215,-0.0813109278678894,-0.09014313668012619,-0.06913289427757263,-0.08014550060033798,-0.019458197057247162,-0.046996425837278366,-0.051881007850170135,-0.05573176592588425,-0.0009439248242415488,-0.10535497218370438,-0.13419470191001892,-0.08515438437461853,-0.1247502937912941,-0.2503215968608856,-0.27353671193122864,-0.19369325041770935,-0.21367548406124115,-0.2035120278596878,-0.10511809587478638,-0.03161480277776718,0.02934168092906475,0.021955646574497223,0.005769385956227779,-0.015643276274204254,-0.018153361976146698,0.0031663004774600267,0.03371496871113777,0.05447148159146309,0.05077946186065674,0.03612992540001869,0.0014474818017333746,-0.03425733745098114
0.0,0.0,0.0,0.0,0.0,-0.0043274350464344025,-0.00534514244645834,-0.003935990855097771,0.001508553046733141,-0.011618501506745815,-0.030393004417419434,-0.05002902075648308,-0.007147002965211868,0.0,-0.027775434777140617,-0.07489857822656631,-0.058951497077941895,-0.12324941158294678,-0.13630251586437225,-0.03166922554373741,-0.05698404833674431,-0.04385187476873398,-0.022497275844216347,-0.0018899273127317429,-0.008516195230185986,-0.12553460896015167,-0.22101566195487976,-0.18659953773021698,-0.24746167659759521,-0.2579815685749054,-0.2282993346452713,-0.2445031851530075,-0.13672327995300293,-0.026283780112862587,0.04836784303188324,0.04575090482831001,0.02066308818757534,-0.00570598803460598,-0.02258363366127014,0.0017801446374505758,0.04379533231258392,0.07964988797903061,0.09538038820028305,0.07529675215482712,0.03664520010352135,-0.0116667989641428,-0.05882639437913895
0.0,0.0,0.0,0.0,0.0,-0.002577319508418441,-0.002577319508418441,-0.000378003140212968,-0.008281531743705273,0.0003174835874233395,-0.006834761239588261,-0.022058255970478058,-0.007147002965211868,-0.015414534136652946,-0.06768687814474106,-0.027004195377230644,-0.03134215995669365,-0.12541839480400085,-0.12569758296012878,-0.013620817102491856,-0.024767179042100906,-0.024767179042100906,-0.01984608732163906,-0.02174760028719902,-0.06443256139755249,-0.18939314782619476,-0.21529296040534973,-0.1937006264925003,-0.25715160369873047,-0.2650369107723236,-0.2365950495004654,-0.17958945035934448,-0.0736137330532074,0.004360242746770382,0.062431368976831436,0.04521922394633293,0.0118781803175807,-0.015182177536189556,-0.010541028343141079,0.016321033239364624,0.05439818277955055,0.07788950949907303,0.0950801745057106,0.08275502175092697,0.05382315441966057,0.005363793112337589,-0.03789864853024483
0.0,0.0,0.0,0.0,0.0,0.0,0.0,0.0,-0.010823067277669907,-0.01450732909142971,-0.008520067669451237,-0.006054707802832127,-0.00490004476159811,-0.029950976371765137,-0.0644693523645401,-0.02461026981472969,-0.03711554408073425,-0.1256634145975113,-0.1298193782567978,-0.006563448812812567,-0.008736536838114262,-0.013524840585887432,-0.04711208492517471,-0.053423307836055756,-0.11855482310056686,-0.1474982500076294,-0.17339804768562317,-0.21765142679214478,-0.28172066807746887,-0.30920878052711487,-0.2406311333179474,-0.13133752346038818,-0.04145752638578415,0.030498333275318146,0.05600414052605629,0.034704580903053284,0.005652143154293299,-0.013628245331346989,-0.00867463555186987,0.015386618673801422,0.03875822201371193,0.06622793525457382,0.08482386916875839,0.08281008899211884,0.07327183336019516,0.03390190005302429,-0.005117917433381081
0.0,0.0,0.0,0.0,0.0,0.0,0.0,0.0,0.0,-0.01913820020854473,-0.024796249344944954,-0.01906523108482361,-0.014196843840181828,-0.02391917258501053,-0.04728533327579498,-0.07306638360023499,-0.06521230190992355,-0.09803593158721924,-0.09083786606788635,-0.022251535207033157,-0.03948942944407463,-0.08537772297859192,-0.11566224694252014,-0.09364355355501175,-0.12760592997074127,-0.12325520813465118,-0.1465807408094406,-0.28428056836128235,-0.3362721800804138,-0.29533788561820984,-0.19160325825214386,-0.08892813324928284,-0.03304123878479004,0.010627138428390026,0.03561411425471306,0.024269847199320793,-0.00010203009151155129,-0.016748053953051567,-0.02037440426647663,-0.012006816454231739,0.00830625556409359,0.03562851622700691,0.06614319980144501,0.0916496068239212,0.09133251011371613,0.07172688096761703,0.038705483078956604
0.0,0.0,0.0,0.0,0.0,0.0,0.0,0.0,0.0,-0.019824665039777756,-0.025120295584201813,-0.006947070360183716,-0.005502643063664436,-0.004691245499998331,-0.025705214589834213,-0.036393385380506516,-0.09706372022628784,-0.10142152011394501,-0.09048674255609512,-0.04771183058619499,-0.060830481350421906,-0.09628143906593323,-0.10929503291845322,-0.10668312013149261,-0.0991029292345047,-0.09124701470136642,-0.12457304447889328,-0.2616993486881256,-0.32309773564338684,-0.28402280807495117,-0.18967382609844208,-0.11168893426656723,-0.0408807136118412,-0.008141559548676014,0.005838665645569563,0.005995753221213818,-0.017490487545728683,-0.033433690667152405,-0.04129258170723915,-0.029885949566960335,-0.014860561117529869,0.011863255873322487,0.039239902049303055,0.07648409157991409,0.08812348544597626,0.1081722229719162,0.09079790860414505
0.0,0.0,0.0,0.0,0.0,0.0,0.0,-0.012388824485242367,-0.023407557979226112,-0.009679880924522877,-0.008027972653508186,0.0,0.0,0.0,0.0,-0.007916875183582306,-0.08340936154127121,-0.107833631336689,-0.11612533032894135,-0.07582220435142517,-0.08202330023050308,-0.07284365594387054,-0.08585724979639053,-0.09039045125246048,-0.06842075288295746,-0.06056484207510948,-0.10807263106107712,-0.23914331197738647,-0.3087439239025116,-0.2951320707798004,-0.1994684934616089,-0.14269496500492096,-0.03776903077960014,-0.0009115191060118377,-0.007010714616626501,-0.023669864982366562,-0.043912097811698914,-0.0566561259329319,-0.06451501697301865,-0.05000101402401924,-0.032483894377946854,-0.012068367563188076,0.01212061382830143,0.051000434905290604,0.09057242423295975,0.11062116175889969,0.13047359883785248
0.0,0.0,0.0,0.0,0.0,0.0,-7.691905921092257e-06,-0.011159934103488922,-0.06261900067329407,-0.022595282644033432,-0.00084769754903391,-0.00084769754903391,-0.00084769754903391,0.0,0.0,-0.007916875183582306,-0.06898505240678787,-0.09028208255767822,-0.09906011819839478,-0.10298393666744232,-0.08140386641025543,-0.06516960263252258,-0.05393320322036743,-0.047322072088718414,-0.049762386828660965,-0.07333783805370331,-0.12683579325675964,-0.2213410884141922,-0.28320154547691345,-0.27943870425224304,-0.2349393218755722,-0.1898941546678543,-0.06086967885494232,0.0,-0.013572757132351398,-0.08020602911710739,-0.08959057927131653,-0.09295836836099625,-0.08816065639257431,-0.06756031513214111,-0.050764039158821106,-0.033088065683841705,-0.011673388071358204,0.0247870571911335,0.06553968787193298,0.10792119055986404,0.15112368762493134
