currents_20100914.json
{"header": {"parameterCategory":2,"parameterNumber":2,"nx":74,"ny":54,"lo1":27.46,"la1":47.1,"lo2":42.58,"la2":40.43,"dx":0.20712328767123284,"dy":0.12584905660377363,"refTime":"2010-09-14T12:00:00"}, "data":
[rows 22 to 43 of 54, columns 0 to 48 of 74]
0.0,0.0,0.0,0.0,0.0,0.0,-0.013788488693535328,-0.10225986689329147,-0.13638323545455933,-0.0972832664847374,-0.07507731020450592,-0.05635640397667885,-0.04979848116636276,-0.04927784949541092,-0.05431702733039856,-0.05502524599432945,-0.05672071874141693,-0.050741590559482574,-0.066034235060215,-0.0913546234369278,-0.13002756237983704,-0.18395809829235077,-0.20829574763774872,-0.1535281538963318,-0.07977965474128723,-0.025960532948374748,0.0035375722218304873,-0.014187545515596867,-0.04307609051465988,0.0492517314851284,0.11104892194271088,0.08582867681980133,-0.04305887222290039,-0.20563997328281403,-0.23542903363704681,-0.25350892543792725,-0.2510360777378082,-0.2358478158712387,-0.19688643515110016,-0.1516239047050476,-0.1373400092124939,-0.13543885946273804,-0.12175028026103973,-0.09894154965877533,-0.08150176703929901,-0.08120007067918777,-0.0978265255689621,-0.15018272399902344,-0.20181000232696533
0.0,0.0,0.0,0.0,0.0,0.0,-0.018379369750618935,-0.09138231724500656,-0.08851002901792526,-0.06612932682037354,-0.04505345970392227,-0.06050783395767212,-0.05458393320441246,-0.058722592890262604,-0.0541519969701767,-0.0459919273853302,-0.055432602763175964,-0.04400751739740372,-0.032104458659887314,-0.05497715249657631,-0.08994238078594208,-0.1457439363002777,-0.1974984109401703,-0.2493392527103424,-0.22999036312103271,-0.18931597471237183,-0.1602160632610321,-0.18024753034114838,-0.17812633514404297,-0.19904616475105286,-0.19595739245414734,-0.2526203691959381,-0.30622899532318115,-0.2459269016981125,-0.2255444973707199,-0.21347323060035706,-0.2172280251979828,-0.21057872474193573,-0.19914306700229645,-0.17480170726776123,-0.1816403865814209,-0.1973974108695984,-0.19583167135715485,-0.18854577839374542,-0.17780178785324097,-0.1655036211013794,-0.18083901703357697,-0.21554911136627197,-0.24045562744140625
0.0,0.0,0.0,0.0,0.0,0.0,-0.001149131334386766,-0.05907239019870758,0.0019464916549623013,-0.0011773305013775826,-0.05239906534552574,-0.06250084936618805,-0.04926295205950737,-0.04371583089232445,-0.024001765996217728,0.0005360126378946006,0.006612672936171293,-0.0056745330803096294,0.0027075796388089657,-0.018992802128195763,-0.052718501538038254,-0.09686695039272308,-0.14376889169216156,-0.1922881305217743,-0.24588027596473694,-0.2636682987213135,-0.27544647455215454,-0.28576648235321045,-0.33913877606391907,-0.4005037546157837,-0.3922116458415985,-0.3863402307033539,-0.33253592252731323,-0.2768346667289734,-0.21416549384593964,-0.1828627735376358,-0.17886175215244293,-0.1821138709783554,-0.19961990416049957,-0.19763749837875366,-0.19936035573482513,-0.21855521202087402,-0.23192735016345978,-0.23312197625637054,-0.23369243741035461,-0.23048047721385956,-0.23689313232898712,-0.24784812331199646,-0.26064619421958923
0.0,0.0,0.0,0.0,0.0,0.0,-0.035744260996580124,-0.01278548501431942,-0.01818186789751053,-0.08832226693630219,-0.12102947384119034,-0.06214622035622597,-0.03928693011403084,-0.01646065153181553,-0.008709401823580265,0.006275010295212269,0.03307623788714409,0.05201546847820282,0.0348152257502079,0.018281349912285805,-0.027803722769021988,-0.06773758679628372,-0.11476869881153107,-0.1473393589258194,-0.1784248948097229,-0.22252917289733887,-0.26342734694480896,-0.2848317325115204,-0.32543349266052246,-0.41840457916259766,-0.47112447023391724,-0.4467671811580658,-0.37324920296669006,-0.2678748369216919,-0.1853216290473938,-0.1420983225107193,-0.12515375018119812,-0.14142528176307678,-0.17537090182304382,-0.20543807744979858,-0.21065804362297058,-0.2212434858083725,-0.2344244122505188,-0.24596133828163147,-0.2520732879638672,-0.24105201661586761,-0.24087490141391754,-0.2495856136083603,-0.25509747862815857
0.0,0.0,0.0,0.0,0.0,0.0,-0.04876602441072464,-0.06631022691726685,-0.1752307116985321,-0.17261283099651337,-0.09088987112045288,-0.050461091101169586,-0.03965999558568001,-0.022684169933199883,-0.007267395965754986,0.007692992687225342,0.025491928681731224,0.04105710983276367,0.042861443012952805,0.024751486256718636,-0.02306344360113144,-0.06222768872976303,-0.09072773903608322,-0.123245470225811,-0.14328260719776154,-0.1653241068124771,-0.19576667249202728,-0.22648575901985168,-0.24947604537010193,-0.269671767950058,-0.2997342348098755,-0.29392144083976746,-0.24969197809696198,-0.18501447141170502,-0.1358792930841446,-0.09927058964967728,-0.07750045508146286,-0.09643339365720749,-0.14632976055145264,-0.18558788299560547,-0.20722126960754395,-0.21954035758972168,-0.21939334273338318,-0.22231638431549072,-0.22261841595172882,-0.21832047402858734,-0.20523951947689056,-0.19769728183746338,-0.19521470367908478
0.0,0.0,0.0,0.0,0.0,0.0,-0.057960011065006256,-0.15890692174434662,-0.17560411989688873,-0.11658237129449844,-0.08191445469856262,-0.08561653643846512,-0.07888685166835785,-0.06457474082708359,-0.04049516096711159,-0.0217142254114151,-0.0034396967384964228,0.008761919103562832,0.0045861741527915,-0.009917782619595528,-0.032862339168787,-0.05983137711882591,-0.055159829556941986,-0.07462560385465622,-0.11722905188798904,-0.13636669516563416,-0.15887309610843658,-0.18237176537513733,-0.20330208539962769,-0.21657076478004456,-0.22744426131248474,-0.21431756019592285,-0.18293803930282593,-0.1380576491355896,-0.0955507829785347,-0.07058355957269669,-0.049215078353881836,-0.05699516832828522,-0.10658499598503113,-0.1582305133342743,-0.18536733090877533,-0.20372676849365234,-0.21501240134239197,-0.2053305208683014,-0.18401466310024261,-0.1551658660173416,-0.1313767284154892,-0.10805021971464157,-0.10668141394853592
0.0,0.0,0.0,0.0,0.0,0.0,-0.06667571514844894,-0.1706741601228714,-0.12817062437534332,-0.11566345393657684,-0.14070604741573334,-0.15047889947891235,-0.14637954533100128,-0.1251864731311798,-0.09433554112911224,-0.07401249557733536,-0.05650091543793678,-0.04293568432331085,-0.054818205535411835,-0.06316961348056793,-0.05860764905810356,-0.054990604519844055,-0.04266475513577461,-0.058862313628196716,-0.08251412212848663,-0.11041667312383652,-0.12467886507511139,-0.13415955007076263,-0.14050012826919556,-0.15237678587436676,-0.15810561180114746,-0.1561931073665619,-0.14031365513801575,-0.1156189888715744,-0.08515697717666626,-0.05171453580260277,-0.03284357488155365,-0.0322156585752964,-0.06544481217861176,-0.11111500859260559,-0.1516089290380478,-0.16844093799591064,-0.18117493391036987,-0.18527039885520935,-0.17332008481025696,-0.1383412927389145,-0.08590728789567947,-0.029048679396510124,-0.0036575531121343374
0.0,0.0,0.0,0.0,0.0,0.0,-0.16004762053489685,-0.12216781079769135,-0.12655337154865265,-0.17342716455459595,-0.19374075531959534,-0.1947387307882309,-0.17468233406543732,-0.16087834537029266,-0.14547473192214966,-0.13232752680778503,-0.12603677809238434,-0.11297383904457092,-0.11755666881799698,-0.11210555583238602,-0.09072365611791611,-0.05244874209165573,-0.03835296258330345,-0.060226187109947205,-0.06790242344141006,-0.08437842130661011,-0.09190716594457626,-0.092230424284935,-0.08072864264249802,-0.07478886842727661,-0.08052162826061249,-0.07619954645633698,-0.06424373388290405,-0.052171844989061356,-0.05833583325147629,-0.053665269166231155,-0.03117045946419239,-0.017295479774475098,-0.025258081033825874,-0.057713206857442856,-0.09342721104621887,-0.11902668327093124,-0.1372038573026657,-0.14016684889793396,-0.13369691371917725,-0.1148383840918541,-0.08104059100151062,-0.0254136361181736,0.029799677431583405
0.0,0.0,0.0,-0.004885465372353792,-0.007750796619802713,-0.124851293861866,-0.22887560725212097,-0.1303737610578537,-0.17575320601463318,-0.19399394094944,-0.17914828658103943,-0.16444140672683716,-0.15950685739517212,-0.15680937469005585,-0.1799803376197815,-0.18799234926700592,-0.1935063898563385,-0.1828589141368866,-0.17559367418289185,-0.14093618094921112,-0.09768597036600113,-0.035457633435726166,-0.04254506528377533,-0.05852446332573891,-0.07105448842048645,-0.07754643261432648,-0.06977930665016174,-0.0513034462928772,-0.03373381868004799,-0.019024735316634178,-0.004382644779980183,0.0015064653707668185,0.0002818969951476902,-0.005748418625444174,-0.009562655352056026,-0.030417276546359062,-0.03087196685373783,-0.00976429134607315,0.0021630136761814356,-0.012536908499896526,-0.04231790453195572,-0.06092261150479317,-0.08473771810531616,-0.10370054095983505,-0.10240519046783447,-0.09420248866081238,-0.07189123332500458,-0.04463280364871025,-0.005181747488677502
0.0,0.0,0.0,0.022849222645163536,-0.01749037764966488,-0.2986080050468445,-0.22436003386974335,-0.16532400250434875,-0.19088301062583923,-0.17084375023841858,-0.13139675557613373,-0.10680205374956131,-0.10980171710252762,-0.1393631249666214,-0.17162886261940002,-0.22658458352088928,-0.24474714696407318,-0.22938790917396545,-0.2113301008939743,-0.1516471654176712,-0.07390299439430237,-0.04891397804021835,-0.045608825981616974,-0.04243947193026543,-0.05318709462881088,-0.048929158598184586,-0.030076470226049423,-0.014661775901913643,0.008169994689524174,0.026204252615571022,0.04012495279312134,0.04532770439982414,0.039921317249536514,0.03073556162416935,0.019765034317970276,0.017422286793589592,-0.006608828902244568,0.004012735560536385,0.021321898326277733,0.024603428319096565,0.006931298412382603,-0.012158315628767014,-0.03833422437310219,-0.06572717428207397,-0.08339568972587585,-0.08744163811206818,-0.08274242281913757,-0.07877405732870102,-0.04551233723759651
0.0,0.0,0.0025353136006742716,0.011948615312576294,-0.21476127207279205,-0.2983537018299103,-0.1792314201593399,-0.16787555813789368,-0.15341907739639282,-0.1147531270980835,-0.08449312299489975,-0.0714801698923111,-0.07466566562652588,-0.10376624763011932,-0.14707982540130615,-0.19749340415000916,-0.24209314584732056,-0.23240403831005096,-0.18824659287929535,-0.11889383941888809,-0.052122604101896286,-0.030365917831659317,-0.01949910633265972,-0.013159315101802349,-0.015238925814628601,0.002116292016580701,0.017023369669914246,0.03492720052599907,0.048062246292829514,0.060543887317180634,0.06999138742685318,0.07489635795354843,0.07199474424123764,0.06290056556463242,0.053806643933057785,0.04995814338326454,0.04504655301570892,0.03757336735725403,0.043129660189151764,0.05594613403081894,0.05114230886101723,0.026325341314077377,-0.0060586826875805855,-0.03713863715529442,-0.06616564095020294,-0.08284170925617218,-0.10123874247074127,-0.11469676345586777,-0.104049451649189
0.0,0.0,-0.0002589203359093517,-0.1698279082775116,-0.332785427570343,-0.20474089682102203,-0.13550244271755219,-0.1373840868473053,-0.10507937520742416,-0.07247641682624817,-0.051798366010189056,-0.05338938906788826,-0.0581028014421463,-0.07668696343898773,-0.11089219897985458,-0.144121453166008,-0.16764460504055023,-0.1820712834596634,-0.1348852813243866,-0.06680354475975037,-0.033719681203365326,-0.03215130791068077,-0.021210409700870514,-0.0010494748130440712,0.0178229957818985,0.038800619542598724,0.06266582012176514,0.07320494204759598,0.07311588525772095,0.07830256968736649,0.09366415441036224,0.10899960994720459,0.10544228553771973,0.09354688972234726,0.07779774814844131,0.06409313529729843,0.06337001919746399,0.07295543700456619,0.08033580332994461,0.07421373575925827,0.07511009275913239,0.05485057085752487,0.02271115779876709,-0.015283030457794666,-0.0461929589509964,-0.08280719071626663,-0.10477987676858902,-0.128202885389328,-0.14366497099399567
0.0,0.0,-0.00865327287465334,-0.22776205837726593,-0.2162366360425949,-0.11509408801794052,-0.1071813777089119,-0.0974871888756752,-0.06806756556034088,-0.04201450198888779,-0.029864152893424034,-0.041512876749038696,-0.05585180222988129,-0.06270371377468109,-0.07745304703712463,-0.10346763581037521,-0.11709154397249222,-0.10571709275245667,-0.08128704130649567,-0.06351570785045624,-0.04758242517709732,-0.030630426481366158,-0.011426497250795364,0.015951188281178474,0.04793470725417137,0.06573625653982162,0.07544354349374771,0.05883593112230301,0.06387712061405182,0.08712974190711975,0.1259324550628662,0.16558006405830383,0.1637496054172516,0.1297501176595688,0.10674131661653519,0.09440553933382034,0.08362730592489243,0.08176500350236893,0.0845680683851242,0.09397050738334656,0.09052244573831558,0.07427860796451569,0.04911467805504799,0.013164802454411983,-0.026952624320983887,-0.06186772137880325,-0.08980955183506012,-0.11975452303886414,-0.14570702612400055
0.0,-0.0001906264660647139,0.016759831458330154,-0.16254520416259766,-0.11014578491449356,-0.08055196702480316,-0.08874975144863129,-0.06848685443401337,-0.04506601765751839,-0.021434348076581955,-0.02189549058675766,-0.0376126691699028,-0.054129406809806824,-0.05913420021533966,-0.06037410721182823,-0.06644903868436813,-0.07324114441871643,-0.06862029433250427,-0.05325585603713989,-0.03178883716464043,-0.007952777668833733,0.01279600802809,0.028818896040320396,0.053363945335149765,0.08133332431316376,0.077403724193573,0.017821086570620537,0.004339405335485935,0.05052899941802025,0.08847547322511673,0.16553401947021484,0.22713609039783478,0.2394450157880783,0.18352572619915009,0.13822686672210693,0.12844938039779663,0.1271863877773285,0.12394453585147858,0.10174410790205002,0.08882389962673187,0.09693566709756851,0.09701945632696152,0.0844540074467659,0.05281549692153931,0.006864661816507578,-0.033227406442165375,-0.07139662653207779,-0.09413085877895355,-0.1313086450099945
0.0,0.019841473549604416,-0.006158581934869289,-0.09670230001211166,-0.029121316969394684,-0.045971114188432693,-0.07598887383937836,-0.055457934737205505,-0.033332325518131256,-0.03170652315020561,-0.04417740926146507,-0.049989793449640274,-0.05280807241797447,-0.05684696510434151,-0.05089712142944336,-0.04019327089190483,-0.03665328025817871,-0.0312780998647213,-0.024894272908568382,-0.020866962149739265,-0.008437223732471466,0.0142151964828372,0.042512789368629456,0.057487908750772476,0.06974412500858307,0.017919199541211128,-0.024730384349822998,0.018398836255073547,0.07473088055849075,0.14434310793876648,0.1920773684978485,0.2423379123210907,0.26599493622779846,0.23019978404045105,0.18658144772052765,0.17264987528324127,0.17387507855892181,0.172469824552536,0.15269647538661957,0.1225254014134407,0.1040399968624115,0.10278496891260147,0.10502893477678299,0.09093955159187317,0.05630478262901306,0.004733675625175238,-0.04146556928753853,-0.07466374337673187,-0.09617425501346588
-0.010007008910179138,0.007708190940320492,-0.10587935149669647,-0.0198463536798954,0.09403755515813828,0.041389305144548416,-0.04721669480204582,-0.04005872458219528,-0.031069159507751465,-0.05054197460412979,-0.06901701539754868,-0.07539614289999008,-0.07028955221176147,-0.04996911436319351,-0.036422617733478546,-0.028325820341706276,-0.020448731258511543,-0.01216254010796547,-0.0035476265475153923,-0.002529531018808484,0.0003572517307475209,0.02619977481663227,0.06512275338172913,0.07634842395782471,0.05481038615107536,0.004519253969192505,0.00734548969194293,0.06643075495958328,0.10287745296955109,0.11132475733757019,0.11890911310911179,0.14398185908794403,0.18454411625862122,0.20977216958999634,0.2077525109052658,0.20602846145629883,0.20406833291053772,0.19239701330661774,0.18823683261871338,0.17823739349842072,0.16831368207931519,0.14896546304225922,0.11802837997674942,0.10684123635292053,0.0955415591597557,0.05945386737585068,0.0036329682916402817,-0.043664369732141495,-0.0568854957818985
0.0,0.0,0.00644264230504632,0.07156103849411011,0.13808174431324005,0.12168969213962555,0.002830477198585868,-0.014298480935394764,-0.024637063965201378,-0.04045533016324043,-0.05387371778488159,-0.06008026376366615,-0.061496395617723465,-0.06204318255186081,-0.05776528641581535,-0.04156037047505379,-0.02208257094025612,-0.004357608035206795,0.009863246232271194,0.013020792044699192,0.020225079730153084,0.04380106180906296,0.08152612298727036,0.10960067063570023,0.09769728779792786,0.11638934165239334,0.13213816285133362,0.1306465119123459,0.14490476250648499,0.08584950119256973,0.06319282203912735,0.03953791409730911,0.07401394098997116,0.17027023434638977,0.2293120175600052,0.2424965649843216,0.23277388513088226,0.20562858879566193,0.19366632401943207,0.24032893776893616,0.2706868052482605,0.25933849811553955,0.19774116575717926,0.14078855514526367,0.10848052054643631,0.09511544555425644,0.054982855916023254,0.006357552018016577,-0.029536932706832886
0.0,0.0,0.11582808941602707,0.18167714774608612,0.10771843045949936,0.0930243581533432,0.04358404129743576,0.017077168449759483,-0.004480334930121899,-0.016301002353429794,-0.030916832387447357,-0.04170931503176689,-0.020345810800790787,-0.0035259099677205086,-0.005446527153253555,-0.012632151134312153,-0.005450960248708725,0.005203634034842253,0.005633717402815819,0.00916427094489336,0.031461432576179504,0.025675447657704353,-0.01711985468864441,0.05466128885746002,0.11740356683731079,0.21775729954242706,0.28339260816574097,0.28353074193000793,0.2897821068763733,0.24047943949699402,0.07583347707986832,0.05800868198275566,0.0868915244936943,0.17226403951644897,0.22363029420375824,0.20012666285037994,0.1931462436914444,0.20474831759929657,0.16180135309696198,0.24012193083763123,0.309569388628006,0.3463417589664459,0.28361669182777405,0.2133946269750595,0.16146215796470642,0.12111465632915497,0.08576001226902008,0.05162244662642479,0.018242942169308662
0.0,0.0,0.0,0.15029282867908478,0.07329460978507996,0.011433863081037998,0.05547459051012993,0.0464039221405983,0.026541249826550484,0.019214516505599022,0.007963963784277439,-0.012944691814482212,-0.013528324663639069,0.006539168301969767,0.022649770602583885,0.03096752241253853,0.01683356799185276,0.01628386601805687,0.025633225217461586,0.05427860468626022,0.08803148567676544,0.09358227252960205,0.06689634919166565,0.0906490832567215,0.21032942831516266,0.3672570288181305,0.485182523727417,0.5964558124542236,0.5776587128639221,0.5445281863212585,0.35867103934288025,0.23118606209754944,0.18367700278759003,0.09459520876407623,0.15374338626861572,0.13137252628803253,0.08941952884197235,0.1451394259929657,0.1909974366426468,0.14231839776039124,0.18924984335899353,0.20512090623378754,0.23449939489364624,0.2571517527103424,0.23356013000011444,0.17661213874816895,0.11861249804496765,0.07948658615350723,0.06019745394587517
0.0,0.0,0.0,-0.0028339391574263573,0.029619336128234863,-0.049321338534355164,0.06814831495285034,0.07782772928476334,0.06758426129817963,0.05964642018079758,0.060886599123477936,0.041026581078767776,0.031110066920518875,0.013277985155582428,0.019635913893580437,0.03838541731238365,0.07183675467967987,0.09387587010860443,0.11113381385803223,0.13535332679748535,0.15724924206733704,0.17264410853385925,0.2409202605485916,0.37264978885650635,0.5525048971176147,0.6796264052391052,0.5800229907035828,0.30169034004211426,0.0,0.0,0.0,0.0,0.0,0.03480599820613861,0.0,0.07303036004304886,0.0,0.009797734208405018,0.05891468748450279,0.04556025192141533,-0.048174235969781876,-0.016136514022946358,0.09667053818702698,0.23301911354064941,0.2878194749355316,0.23264527320861816,0.1595020294189453,0.10946960002183914,0.08546419441699982
0.0,0.0,0.0,-0.03862204775214195,0.027448998764157295,0.02438606321811676,0.11054375022649765,0.13756653666496277,0.12803111970424652,0.11444606631994247,0.11109853535890579,0.08956041187047958,0.06447942554950714,0.08166184276342392,0.05801611766219139,0.051644932478666306,0.04913068935275078,0.09690285474061966,0.16222557425498962,0.20829932391643524,0.2308821827173233,0.27028483152389526,0.3618165850639343,0.5342797040939331,0.4128784239292145,0.24766914546489716,0.06812655925750732,0.0,0.0,0.0,0.0,0.0,0.0,0.0,0.0,0.0,0.0,0.018593376502394676,0.0343363992869854,0.005773366894572973,-0.009663626551628113,0.10526308417320251,0.0500108078122139,0.16177165508270264,0.2587968409061432,0.24529677629470825,0.19142259657382965,0.1615080088376999,0.13261468708515167
0.0,0.0,0.0,0.007567074149847031,0.08752667903900146,0.12726181745529175,0.1709362119436264,0.2376948446035385,0.236476331949234,0.20862670242786407,0.1946399211883545,0.18388444185256958,0.10753907263278961,0.11424888670444489,0.15451359748840332,0.1179199367761612,0.08734878152608871,0.09751586616039276,0.1586426943540573,0.2139033079147339,0.266023188829422,0.34135621786117554,0.4561391770839691,0.143598735332489,0.0,0.0,0.0,0.0,0.0,0.0,0.0,0.0,0.0,0.0,0.0,0.0,0.0,0.0,0.0,0.10089942812919617,0.1424548327922821,0.0,0.08452671766281128,-0.0013823623303323984,0.04032056778669357,0.11172154545783997,0.17150723934173584,0.19354811310768127,0.18371854722499847
