currents_20100917.json
{"header": {"parameterCategory":2,"parameterNumber":3,"nx":74,"ny":54,"lo1":22.5,"la1":41.2,"lo2":27.0,"la2":38.2,"dx":0.06164383561643835,"dy":0.05660377358490566,"refTime":"2010-09-17T12:00:00"}, "data":
[rows 21 to 41 of 54, columns 0 to 46 of 74]
0.0,0.0,0.0007505462854169309,0.01473628543317318,0.047398462891578674,0.047864072024822235,0.08311623334884644,0.08523046225309372,0.032857466489076614,0.016794005408883095,-0.030725186690688133,-0.054053984582424164,-0.11812674254179001,-0.1501353532075882,-0.09544084221124649,0.0,0.0,0.0003019549767486751,0.0003019549767486751,-0.020975958555936813,-0.05178914591670036,-0.045733701437711716,-0.009528224356472492,0.0009006184991449118,0.028308982029557228,0.05395568162202835,0.08713404834270477,-0.0010554513428360224,-0.09910639375448227,-0.0850117951631546,-0.10938408970832825,-0.18600474298000336,-0.28262457251548767,-0.22278663516044617,-0.21309664845466614,-0.06495831906795502,0.13573463261127472,0.12740564346313477,0.06151985004544258,-0.04653191566467285,-0.11894585937261581,-0.10749220848083496,-0.06184305623173714,-0.03055747039616108,-0.01792396977543831,-0.030522556975483894,-0.004621611908078194
0.0,0.0,0.0,0.009012104943394661,0.052968721836805344,0.04222291707992554,0.04483432322740555,0.04498742148280144,0.003100654808804393,0.007251300383359194,0.010896693915128708,-0.008211486041545868,-0.09197485446929932,-0.1557537019252777,-0.1364438384771347,-0.013322336599230766,-0.013322336599230766,-0.0022813468240201473,-0.0022813468240201473,-0.005427991971373558,-0.03283292427659035,-0.033641595393419266,-0.00021776428911834955,0.015089242719113827,0.05208924040198326,0.07221464067697525,0.06267869472503662,-0.03564539924263954,-0.1231173574924469,-0.176413893699646,-0.22053083777427673,-0.30059054493904114,-0.30611127614974976,-0.24627332389354706,-0.13414537906646729,0.03318275883793831,0.07810100167989731,0.07341065257787704,0.0409698560833931,-0.03698888421058655,-0.10854416340589523,-0.09293019771575928,0.0,0.0,0.0,0.0,-0.003475901670753956
0.0,0.0,0.0,0.005034697242081165,0.02820887602865696,0.020338721573352814,0.022131074219942093,0.020203283056616783,0.019055280834436417,0.060486726462841034,0.06973641365766525,0.03180931508541107,-0.05944138020277023,-0.15065932273864746,-0.17471036314964294,-0.09552954882383347,-0.03900712728500366,-0.018467772752046585,-0.01512117125093937,-0.011451265774667263,-0.07129370421171188,-0.039521023631095886,0.04608102887868881,0.11282812058925629,0.07234394550323486,0.027261655777692795,-0.028837163001298904,-0.11208411306142807,-0.20124132931232452,-0.2581920921802521,-0.30532434582710266,-0.27767279744148254,-0.19579727947711945,-0.12953588366508484,-0.05305131524801254,0.003744645044207573,0.04005232825875282,0.04394959285855293,0.033984486013650894,0.03931598365306854,-0.0256053376942873,-0.020049095153808594,0.0,0.0,0.0,0.0,-0.003475901670753956
0.0,0.0,0.0,0.0,0.011263660155236721,0.00922045111656189,0.006377354729920626,0.013562437146902084,0.02853439189493656,0.11451514810323715,0.08778976649045944,0.03175286948680878,-0.07796104997396469,-0.18488667905330658,-0.1874447464942932,-0.12489811331033707,-0.10691791027784348,-0.08910825848579407,-0.061872661113739014,-0.03592634201049805,-0.032207783311605453,0.017631568014621735,0.10323362052440643,0.1407284438610077,0.09478826075792313,0.018268736079335213,-0.0928749069571495,-0.17988215386867523,-0.2249545156955719,-0.28190526366233826,-0.2643248438835144,-0.22588898241519928,-0.14385192096233368,-0.060342345386743546,0.007088653743267059,0.027350611984729767,0.03341362252831459,0.01125318929553032,0.01896520145237446,0.046569377183914185,0.039309654384851456,0.006440563127398491,0.021787161007523537,0.008917528204619884,0.0038942410610616207,0.0038942410610616207,-0.006577897351235151
0.0,0.0,0.0,0.0,0.0,0.0,3.896187263308093e-05,0.008132888935506344,0.03203246742486954,0.12263113260269165,0.10705585777759552,0.007255365140736103,-0.12200312316417694,-0.1813620924949646,-0.1773388385772705,-0.12727992236614227,-0.1574939787387848,-0.1754142791032791,-0.14817868173122406,-0.03740540146827698,0.0749300941824913,0.11720550805330276,0.1304817497730255,0.12344509363174438,0.07034437358379364,-0.0300399512052536,-0.13286501169204712,-0.22353053092956543,-0.24473662674427032,-0.23869994282722473,-0.2186388075351715,-0.17359447479248047,-0.09600915759801865,-0.016313008964061737,0.050827134400606155,0.04826635122299194,0.023551763966679573,-0.008240526542067528,0.006815186236053705,0.05421127751469612,0.048923373222351074,0.04745641350746155,0.041739072650671005,0.0073415241204202175,0.0023680180311203003,-0.007471310906112194,-0.019969647750258446
0.0,0.0,0.0,0.0,0.0,0.0,-0.001987369265407324,0.0030800264794379473,-0.014396309852600098,0.05534941330552101,0.03703416511416435,-0.051333237439394,-0.14267589151859283,-0.1456378698348999,-0.13576319813728333,-0.1384858787059784,-0.16687262058258057,-0.1312210112810135,-0.07389158755540848,0.031513843685388565,0.09515529870986938,0.13103482127189636,0.12961220741271973,0.05555928871035576,0.02759549953043461,-0.047694604843854904,-0.12362541258335114,-0.19173963367938995,-0.19884565472602844,-0.19592167437076569,-0.18640027940273285,-0.17308780550956726,-0.07872781157493591,-0.008588348515331745,0.03380811959505081,0.07456530630588531,0.07020794600248337,0.024680742993950844,-0.005653166212141514,-0.01634305715560913,8.054126374190673e-05,0.01838560216128826,0.034496109932661057,0.03258451446890831,0.007745629642158747,-0.028122790157794952,-0.08151514083147049
0.0,0.0,0.0,0.0,0.0,0.0,-0.001987369265407324,-0.006935902405530214,-0.04877282679080963,-0.004390329122543335,-0.011786334216594696,-0.08806732296943665,-0.17190946638584137,-0.16483011841773987,-0.13387823104858398,-0.12218549847602844,-0.11424169689416885,-0.0852179303765297,-0.007964836433529854,0.050809554755687714,0.10559281706809998,0.14441519975662231,0.12118244171142578,0.07205551117658615,0.015587382949888706,-0.056738078594207764,-0.12607987225055695,-0.15139643847942352,-0.16131311655044556,-0.18481823801994324,-0.18077155947685242,-0.17151421308517456,-0.09026002138853073,-0.02012055367231369,0.015012416057288647,0.06653263419866562,0.07059866189956665,0.05520664155483246,0.013423318974673748,-0.03982381522655487,-0.02904863841831684,-0.02648593857884407,0.0005130352801643312,0.008773742243647575,0.0019467865349724889,-0.04347938299179077,-0.06287255138158798
0.0,0.0,0.0,0.0,0.0,0.0,0.006356448866426945,0.003050596918910742,-0.05922052636742592,-0.08030427247285843,-0.10503584891557693,-0.12489524483680725,-0.19806158542633057,-0.17197085916996002,-0.14601702988147736,-0.10687664896249771,-0.07175561040639877,-0.029168659821152687,0.017577871680259705,0.05583743751049042,0.09185880422592163,0.1318967491388321,0.1527845561504364,0.11351212114095688,0.011134089902043343,-0.0611913688480854,-0.13062286376953125,-0.13262902200222015,-0.15256208181381226,-0.17606720328330994,-0.18292760848999023,-0.17286856472492218,-0.09672573953866959,-0.042961668223142624,-0.009552741423249245,0.04835769161581993,0.0768301784992218,0.09250268340110779,0.058150917291641235,-0.026343628764152527,-0.04985053092241287,-0.047901660203933716,-0.04430069029331207,-0.03157056123018265,-0.034799326211214066,-0.03599756956100464,-0.03888775035738945
0.0,0.0,0.0,0.0,0.0,0.0,0.0,-0.009832041338086128,-0.009832041338086128,-0.06500311195850372,-0.12448690831661224,-0.18785403668880463,-0.19274698197841644,-0.17962035536766052,-0.14637964963912964,-0.08105546981096268,-0.05903990939259529,-0.007086561992764473,0.04498172923922539,0.08287227898836136,0.09170012176036835,0.11884038895368576,0.13998520374298096,0.14821884036064148,0.06822434067726135,-0.030219675973057747,-0.13113516569137573,-0.18779604136943817,-0.17345893383026123,-0.17970578372478485,-0.17819876968860626,-0.17142042517662048,-0.11290626972913742,-0.053554654121398926,-0.0001672106300247833,0.025380467996001244,0.04519398510456085,0.06873805075883865,0.06778845936059952,-0.009303636848926544,-0.012914784252643585,-0.022271547466516495,-0.08086605370044708,-0.062081705778837204,-0.05535860359668732,-0.05000150203704834,-0.050158970057964325
0.0,0.0,0.0,0.0,0.0,0.0,0.0,0.0,0.0,-0.03825870901346207,-0.07877244055271149,-0.15947166085243225,-0.19782231748104095,-0.1875368058681488,-0.14657074213027954,-0.09030996263027191,-0.05173926427960396,-0.0020641961600631475,0.045216020196676254,0.07953616976737976,0.082939513027668,0.09587381035089493,0.11698988080024719,0.15981703996658325,0.08845173567533493,-0.008109993301331997,-0.104210764169693,-0.1806180328130722,-0.19690707325935364,-0.21595126390457153,-0.21302390098571777,-0.1731070727109909,-0.12404357641935349,-0.06469196826219559,-0.020911596715450287,-0.011664980091154575,0.012580953538417816,0.042903922498226166,0.06043239310383797,-0.012302902527153492,-0.009488224051892757,-0.029550816863775253,-0.06584758311510086,-0.05145195126533508,-0.041566960513591766,-0.04390488564968109,-0.0445784255862236
0.0,0.0,0.0,0.0,0.0,0.0,0.0,0.0,0.0,0.0,-0.045671265572309494,-0.09410572797060013,-0.15516778826713562,-0.15490944683551788,-0.15634578466415405,-0.09756599366664886,-0.04523313045501709,-0.00509865116328001,0.034548431634902954,0.05597258359193802,0.05280644819140434,0.073809914290905,0.10553319752216339,0.1477440595626831,0.08744508773088455,0.0022299073170870543,-0.03778838738799095,-0.12854722142219543,-0.19601157307624817,-0.26076480746269226,-0.24972189962863922,-0.20350800454616547,-0.15666314959526062,-0.0900103971362114,-0.046473897993564606,-0.050608523190021515,0.004810185171663761,0.03038254752755165,0.0506049320101738,-0.015975432470440865,-0.008080136962234974,-0.00954834558069706,-0.040483780205249786,-0.028534386307001114,-0.0272914357483387,-0.029629360884428024,-0.03323692828416824
0.0,0.0,0.0,0.0,0.0,0.0,0.0,0.0,0.0,0.0,-0.011208911426365376,-0.016017965972423553,-0.0419854074716568,-0.08588147163391113,-0.11176366358995438,-0.0956588014960289,-0.06568976491689682,-0.031177308410406113,-0.0017131256172433496,0.009189742617309093,0.0006133210845291615,0.035134412348270416,0.0758839100599289,0.09820353984832764,0.03344341740012169,-0.0021903072483837605,-0.004595598671585321,-0.013197136111557484,-0.20652906596660614,-0.1853414624929428,-0.08353007584810257,-0.3023903965950012,-0.22169837355613708,-0.14706595242023468,-0.09847348183393478,-0.09724828600883484,0.000395280250813812,0.046941228210926056,0.04104979336261749,-0.004226119257509708,-0.024150416254997253,-0.029191505163908005,-0.021788032725453377,-0.01001255214214325,-0.009801467880606651,-0.013039810582995415,-0.016065098345279694
0.0,0.0,0.0,0.0,0.0,0.0,0.0,0.00316300755366683,0.010332454927265644,0.0,0.0,0.0,-0.01035438384860754,-0.03713541105389595,-0.05663371831178665,-0.0723082646727562,-0.058448854833841324,-0.037929385900497437,-0.038417428731918335,-0.032557517290115356,-0.02343330718576908,0.02295353263616562,0.04805656149983406,0.043285783380270004,-0.0311271995306015,-0.007427898235619068,-0.013152515515685081,-0.03285711631178856,-0.21434859931468964,-0.14634232223033905,-0.15113835036754608,-0.32591700553894043,-0.27309268712997437,-0.18659165501594543,-0.13131920993328094,-0.04436290264129639,0.04564946889877319,0.04324789345264435,0.029308294877409935,0.0013284900924190879,0.017356427386403084,0.012315339408814907,0.027239110320806503,0.017793133854866028,0.01271023042500019,-0.019903481006622314,-0.033898528665304184
0.0,0.0,0.0,0.0,0.0,0.0,0.00628308393061161,0.009446091949939728,0.0180558692663908,0.007977588102221489,0.0018950060475617647,-0.0013108805287629366,-0.0006191894062794745,0.011918655596673489,-0.007579651195555925,-0.04784107580780983,-0.04769293963909149,-0.047591518610715866,-0.07438771426677704,-0.032318875193595886,-0.02557799220085144,-0.006520161870867014,0.04785918444395065,0.005880686454474926,-0.07850310951471329,-0.10499154776334763,-0.06430097669363022,-0.08669692277908325,-0.20926548540592194,-0.2467658519744873,-0.2515619099140167,-0.3512018024921417,-0.28065478801727295,-0.18522116541862488,-0.09260522574186325,0.023801760748028755,0.04629010707139969,0.04999281466007233,0.027993056923151016,0.018175482749938965,0.04253801703453064,0.04794928804039955,0.06265194714069366,0.0415579192340374,0.011477310210466385,-0.02538030967116356,-0.05949557200074196
0.0,0.0,0.0,0.0,0.0,0.00517679238691926,0.014619074761867523,0.02280018851161003,0.017205938696861267,0.010502664372324944,0.0026809212286025286,-0.004334325902163982,-0.0006191894062794745,0.0,-0.008996148593723774,-0.02166985534131527,-0.026080651208758354,-0.07877915352582932,-0.07700277119874954,0.0398920401930809,-0.004617770202457905,-0.03577133268117905,-0.03374750539660454,-0.0009903964819386601,-0.006345669738948345,-0.10298479348421097,-0.18304505944252014,-0.1634470373392105,-0.255322128534317,-0.2797640264034271,-0.2733488082885742,-0.3006543815135956,-0.20005495846271515,-0.06895177066326141,0.05386900156736374,0.0611380897462368,0.05633210390806198,0.04691106081008911,0.040861885994672775,0.0640045553445816,0.0857970267534256,0.08646123111248016,0.06489196419715881,0.037295449525117874,-0.0022923490032553673,-0.04549379646778107,-0.0860196053981781
0.0,0.0,0.0,0.0,0.0,0.003083176910877228,0.003083176910877228,0.0078128632158041,0.026298116892576218,0.005930219776928425,0.002762601710855961,-0.0019110443536192179,-0.0006191894062794745,-0.0028280585538595915,-0.014120493084192276,-0.007724026683717966,-0.013053588569164276,-0.06512951105833054,-0.07721151411533356,0.01555283460766077,-0.004045267589390278,-0.004045267589390278,-0.023034008219838142,-0.003434582846239209,-0.03842310607433319,-0.14985522627830505,-0.2259402871131897,-0.24031710624694824,-0.30694910883903503,-0.30552175641059875,-0.2592916190624237,-0.21238484978675842,-0.07790981978178024,-0.0013379561714828014,0.09102022647857666,0.08418722450733185,0.06540165096521378,0.05208674073219299,0.04889143630862236,0.05482316017150879,0.07039690017700195,0.059377651661634445,0.03843853622674942,0.01699689030647278,0.0009181915665976703,-0.04020306468009949,-0.06910956650972366
0.0,0.0,0.0,0.0,0.0,0.0,0.0,0.0,0.023062534630298615,0.015902115032076836,0.003144047688692808,-0.0010694698430597782,-0.002169553656131029,-0.00611388823017478,-0.011450519785284996,-0.004498204682022333,-0.012855906039476395,-0.06793390959501266,-0.07093280553817749,-0.0050320397131145,-0.004971850197762251,-0.004839225206524134,-0.043732356280088425,-0.03674090653657913,-0.09032170474529266,-0.11030524969100952,-0.18639031052589417,-0.28447070717811584,-0.31123054027557373,-0.31021440029144287,-0.2538774013519287,-0.1499352753162384,-0.03530195355415344,0.05768973380327225,0.09615802764892578,0.08635049313306808,0.062098924070596695,0.039920322597026825,0.0367598682641983,0.034110814332962036,0.03294283524155617,0.03557455539703369,0.015969548374414444,0.0023371356073766947,-0.0016787416534498334,-0.021828167140483856,-0.03911759704351425
0.0,0.0,0.0,0.0,0.0,0.0,0.0,0.0,0.0,0.007740382105112076,0.00500027509406209,-0.00422219093888998,-0.008860456757247448,-0.008318962529301643,-0.009513463824987411,-0.014335178770124912,-0.033748675137758255,-0.061190709471702576,-0.058488503098487854,-0.016452768817543983,-0.01597532071173191,-0.07992766797542572,-0.12998297810554504,-0.10648227483034134,-0.13482187688350677,-0.10116264969110489,-0.11549188196659088,-0.3044978082180023,-0.30543702840805054,-0.28076499700546265,-0.22032995522022247,-0.09924762696027756,-0.026137415319681168,0.03477434813976288,0.0755939781665802,0.07930107414722443,0.051985155791044235,0.022092144936323166,-0.0020632855594158173,-0.00800302717834711,-0.007233113050460815,-0.0031707158777862787,0.0013015122385695577,0.0073068938218057156,0.0083893658593297,0.005307585000991821,0.0008941101259551942
0.0,0.0,0.0,0.0,0.0,0.0,0.0,0.0,0.0,-0.010729135945439339,-0.011069311760365963,-0.0012270917650312185,-0.00260324333794415,-0.003376287641003728,-0.004282945301383734,-0.009880224242806435,-0.04732581600546837,-0.06303166598081589,-0.05881524085998535,-0.032757967710494995,-0.05704101547598839,-0.10574785619974136,-0.12332340329885483,-0.11682336032390594,-0.11032750457525253,-0.09758403897285461,-0.12585027515888214,-0.2709580957889557,-0.31270647048950195,-0.2843092978000641,-0.20945250988006592,-0.09219048172235489,-0.02348981611430645,-0.01406498160213232,0.010370852425694466,0.04790274053812027,0.024697287008166313,-0.001102661364711821,-0.03342874348163605,-0.05106355994939804,-0.044064946472644806,-0.03929012268781662,-0.012353184632956982,0.007894668728113174,0.014965824782848358,0.03710269555449486,0.04667900875210762
0.0,0.0,0.0,0.0,0.0,0.0,0.0,-0.0083472840487957,-0.01577143371105194,-0.005242411512881517,-0.004347773734480143,0.0,0.0,0.0,0.0,-0.002454386791214347,-0.0377451553940773,-0.05873146280646324,-0.07285391539335251,-0.048118188977241516,-0.0742226392030716,-0.09647281467914581,-0.11404836177825928,-0.11062244325876236,-0.07053574919700623,-0.057792287319898605,-0.09974144399166107,-0.23332564532756805,-0.31165605783462524,-0.30906224250793457,-0.20748554170131683,-0.11780772358179092,-0.025599924847483635,-0.0029312658589333296,-0.015299388207495213,0.011760200373828411,-0.005576621741056442,-0.02888353541493416,-0.06120961531996727,-0.08383491635322571,-0.08077473193407059,-0.06320144236087799,-0.03220009058713913,-0.004391927737742662,0.025117281824350357,0.04725415259599686,0.08378536254167557
0.0,0.0,0.0,0.0,0.0,0.0,0.00023920967942103744,-0.007324710488319397,-0.041996557265520096,-0.015029565431177616,-0.0003587254323065281,-0.0003587254323065281,-0.0003587254323065281,0.0,0.0,-0.002454386791214347,-0.02138672210276127,-0.04800241068005562,-0.06397309899330139,-0.06248489022254944,-0.07083550840616226,-0.09503144770860672,-0.10840760916471481,-0.09256444126367569,-0.04514247924089432,-0.0410228967666626,-0.08736500144004822,-0.19721920788288116,-0.23433133959770203,-0.24674668908119202,-0.23483315110206604,-0.18974825739860535,-0.060546230524778366,0.0,-0.006477670278400183,-0.03827875480055809,-0.048983149230480194,-0.06617935746908188,-0.08820238709449768,-0.1134771928191185,-0.11133304238319397,-0.09126995503902435,-0.0577375553548336,-0.023050418123602867,0.014002807438373566,0.05579744279384613,0.10484069585800171
