currents_20100915.json
{"header": {"parameterCategory":2,"parameterNumber":2,"nx":74,"ny":54,"lo1":22.5,"la1":41.2,"lo2":27.0,"la2":38.2,"dx":0.06164383561643835,"dy":0.05660377358490566,"refTime":"2010-09-15T12:00:00"}, "data":
[rows 0 to 20 of 54, columns 0 to 46 of 74]
0.0,0.0,0.0,0.0,0.0,0.0,0.0,0.0,0.0,0.0,0.0,0.0,0.0,0.0,0.0,0.0,0.0,0.0,0.0,0.0,0.0,0.0,0.0,0.0,0.0,0.0,0.0,0.0,0.0,0.0,0.0,0.0,0.0,0.0,0.0,0.0,0.0,0.0,0.0,0.0,0.0,0.0,0.0,0.0,0.0,0.0,0.0
0.0,0.0,0.0,0.0,0.0,0.0,0.0,0.0,0.0,0.0,0.0,0.0,0.0,0.0,0.0,0.0,0.0,0.0,0.0,0.0,0.0,0.0,0.0,0.0,0.0,0.0,0.0,0.0,0.0,0.0,0.0,0.0,0.0,0.0,0.0,0.0,0.0,0.0,0.0,0.0,0.0,0.0,0.0,0.0,0.0,0.0,0.0
0.0,0.0,0.0,0.0,0.0,0.0,0.0,0.0,0.0,0.0,0.0,0.0,0.0,0.0,0.0,0.0,0.0,0.0,0.0,0.0,0.0,0.0,0.0,0.0,0.0,0.0,0.0,0.0,0.0,0.0,0.0,0.0,0.0,0.0,0.0,0.0,0.0,0.0,0.0,0.0,0.0,0.0,0.0,0.0,0.0,0.0,0.0
0.0,0.0,0.0,0.0,0.0,0.0,0.0,0.0,0.0,0.0,0.0,0.0,0.0,0.0,0.0,0.0,0.0,0.0,0.0,0.0,0.0,0.0,0.0,0.0,0.0,0.0,0.0,0.0,0.0,0.0,0.0,0.0,0.0003423791204113513,0.0,0.0,0.0,0.0,0.0,0.0,0.0,0.0,0.002474036533385515,0.002474036533385515,0.002474036533385515,0.0,0.0,0.0
0.0,0.0,0.0,0.0,0.0,0.0,0.0,0.0,0.0,0.0,0.0,0.0,0.0,0.0,0.0,0.0,0.0,0.0,0.0,0.0,0.0,0.0,0.0,0.0,0.0,0.0,0.0,0.0,0.0,0.0,0.0,0.0,0.004578611813485622,0.004289412871003151,0.0,0.0,0.0,0.0,0.0,0.0,0.0,0.010629011318087578,0.04701390117406845,0.0235036201775074,0.0,0.0,0.0
0.0,0.0,0.0,0.0,0.0,0.0,0.0,0.0,0.0,0.0,0.0,0.0,0.0,0.0,0.0,0.0,0.0,0.0,0.0,0.0,0.0,0.0,0.0,0.0,0.0,0.0,0.0,0.0,0.0,0.0,0.0,0.017825031653046608,0.02552485279738903,0.04358050227165222,0.04938344657421112,0.0,0.0,0.0,0.02668101154267788,0.04054498299956322,0.1144188791513443,0.12504789233207703,0.16065379977226257,0.1502615064382553,0.121063731610775,0.12084053456783295,0.102512888610363
0.0,0.0,0.0,0.0,0.0,0.0,0.0,0.0,0.0,0.0,0.0,0.0,0.0,0.0,0.0,0.0,0.0,0.0,0.0,0.0,0.0,0.0,0.0,0.0,0.0,0.0,0.0,0.0,0.004275775048881769,0.015574762597680092,0.046719230711460114,0.055365271866321564,0.08315566182136536,0.10606784373521805,0.12110685557126999,0.029890311881899834,0.0,0.021051332354545593,0.07924576103687286,0.15787218511104584,0.23413242399692535,0.29475411772727966,0.3112443685531616,0.31911012530326843,0.314627468585968,0.2978724241256714,0.24511116743087769
0.0,0.0,0.0,0.0,0.0,0.0,0.0,0.0,0.0,0.0,0.0,0.0,0.0,0.0,0.0,0.0,0.0,0.0,0.0,0.0,0.0,0.0,0.0,0.0,0.0,0.0,0.0,0.0,0.030922139063477516,0.055716779083013535,0.11315087229013443,0.10597547888755798,0.10925004631280899,0.0924500972032547,0.07784238457679749,0.01710059493780136,0.024266591295599937,0.0909704864025116,0.12485471367835999,0.14718025922775269,0.2190113365650177,0.28985127806663513,0.3325536549091339,0.33012282848358154,0.3135856091976166,0.28029680252075195,0.25881317257881165
0.0,0.0,0.0,0.0,0.0,0.0,0.0,0.0,0.0,0.0,0.0,0.0,0.0,0.0,0.0,0.0,0.0,0.0,0.0,0.0,-0.0005555605748668313,-0.001605579280294478,-0.001191175659187138,0.01723414659500122,0.056423790752887726,0.056423790752887726,0.10591991990804672,0.10836438089609146,0.12292072176933289,0.17170515656471252,0.1852523684501648,0.16288281977176666,0.06591378897428513,0.04495637118816376,0.03535538911819458,0.01710059493780136,0.051549192517995834,0.0732792466878891,0.10260715335607529,0.17273005843162537,0.18864557147026062,0.25848978757858276,0.2820838689804077,0.27317866683006287,0.2481611967086792,0.23675042390823364,0.21533824503421783
0.0,0.0,0.0,0.0,0.0,0.0,0.0,0.0,0.0,0.0,0.0,0.0,0.0,0.0,0.0,0.0,0.0,0.0,0.0,0.0,-0.004625341854989529,-0.005675360560417175,-0.006419044453650713,0.041592661291360855,0.09104907512664795,0.14698801934719086,0.22448140382766724,0.23201869428157806,0.2499592900276184,0.2506779134273529,0.23878543078899384,0.1793615072965622,0.07362674176692963,-0.00515475170686841,-0.00010894495790125802,0.0,0.0,0.017778050154447556,0.05535564199090004,0.1317521184682846,0.18446025252342224,0.18487246334552765,0.17765246331691742,0.1702042669057846,0.1694544106721878,0.16820789873600006,0.13975654542446136
0.0,0.0,0.0,0.0,0.0,0.0,0.0,0.0,0.0,0.0,0.0,0.0,0.0,0.0,0.0,0.0,0.0,0.0,0.0,0.0,0.0,-0.0034839385189116,-0.01692449301481247,-0.025622013956308365,0.02401408925652504,0.06291559338569641,0.1028749868273735,0.14067044854164124,0.1717931032180786,0.18030908703804016,0.1885695904493332,0.1560966521501541,0.10183268785476685,0.06987909227609634,-0.00010894495790125802,0.0,0.0,0.023704081773757935,0.10008843243122101,0.05836416035890579,0.07758587598800659,0.053633175790309906,0.03090314194560051,0.016451647505164146,0.017908785492181778,0.026116952300071716,0.044666387140750885
0.0,0.0,0.0,0.0,0.0,-5.4924872529227287e-05,-0.0015788072487339377,0.0024829141329973936,0.0013099918141961098,0.0,0.0,0.0,0.0,0.0,0.0,0.0,0.0,0.0,0.0,0.0,0.0,0.0,-0.011544652283191681,-0.01908908225595951,-0.025118449702858925,0.013783056288957596,0.02490147016942501,0.04601231962442398,0.07677317410707474,0.08394921571016312,0.09013187885284424,0.07345929741859436,0.09090070426464081,0.058947108685970306,0.0050624036230146885,-0.0033299867063760757,-0.0033299867063760757,0.02740863524377346,0.02791486866772175,-0.012086360715329647,-0.046271853148937225,-0.07319289445877075,-0.09073014557361603,-0.09406432509422302,-0.09504785388708115,-0.07393854856491089,-0.05413500964641571
0.0,0.0,0.0,-0.0002497289970051497,-0.0002497289970051497,-0.005732952617108822,-0.007256835233420134,0.004469399806112051,0.0013099918141961098,0.0,0.0,0.0,0.0,0.0,0.0,0.0,0.0,0.0,0.0,0.0,0.0,0.0,-0.0022093295119702816,-0.003107435302808881,-0.015681123360991478,-0.024860773235559464,-0.03405648097395897,-0.03259213641285896,-0.02705405279994011,-0.013810664415359497,-0.011827943846583366,0.005184756591916084,0.023479338735342026,0.03065311908721924,0.0031504810322076082,-0.009409420192241669,-0.038619328290224075,-0.04458552598953247,-0.11135125160217285,-0.14698141813278198,-0.17873652279376984,-0.20262828469276428,-0.2124350517988205,-0.21043552458286285,-0.19803227484226227,-0.16836728155612946,-0.1526058167219162
0.0,0.0,-0.00023657378915231675,-0.0013735548127442598,-0.010591729544103146,-0.004910185467451811,0.0008938414393924177,0.0008938414393924177,0.0008938414393924177,0.0,0.0,0.0,0.0,0.0,0.0,0.0,0.0,0.0,0.0,0.0,0.0,0.0,-0.0022093295119702816,-0.017091458663344383,-0.016346028074622154,-0.03403005748987198,-0.09640491008758545,-0.10672574490308762,-0.10386354476213455,-0.08605948835611343,-0.05945626273751259,-0.04209459200501442,-0.02072584629058838,-0.009059015661478043,-0.02797739952802658,-0.08146342635154724,-0.16217702627182007,-0.21620114147663116,-0.2648070156574249,-0.30517786741256714,-0.3386355936527252,-0.36275407671928406,-0.3713468611240387,-0.3626827001571655,-0.33971261978149414,-0.2931581735610962,-0.23081162571907043
0.0,0.0,-0.003329230472445488,-0.0070114945992827415,-0.009896579198539257,0.0024790072347968817,0.024196026846766472,0.024653520435094833,0.0,0.0,0.0,0.0,0.0,0.0,0.0,0.0,0.0,0.0,0.0,0.0,0.0,0.0,0.0,-0.006950431503355503,-0.009476313367486,-0.016364185139536858,-0.07150857150554657,-0.11494654417037964,-0.11705467849969864,-0.13324953615665436,-0.1167307049036026,-0.08580124378204346,-0.050453975796699524,-0.04239029809832573,-0.06297285854816437,-0.12476379424333572,-0.20073078572750092,-0.27905768156051636,-0.3331943452358246,-0.38514772057533264,-0.4186054468154907,-0.457864910364151,-0.46692416071891785,-0.4339800179004669,-0.404879093170166,-0.3126909136772156,-0.22184468805789948
0.0,0.0,-0.003329230472445488,-0.010574229061603546,-0.0017401824006810784,0.02567371353507042,0.042543523013591766,0.05202377960085869,0.01540458109229803,0.00979019608348608,0.0,0.0,0.0,0.0,0.0,0.0,0.0,0.0,0.0,0.0,-0.0011205562623217702,-0.00016667628369759768,-0.00016667628369759768,0.0015149943064898252,0.006693571340292692,-0.0001943000970641151,-0.01271138060837984,-0.07078208029270172,-0.11094950884580612,-0.15195971727371216,-0.14135056734085083,-0.08739614486694336,-0.07691911607980728,-0.06732922047376633,-0.07423184812068939,-0.10810350626707077,-0.15922965109348297,-0.23731783032417297,-0.30476588010787964,-0.3604402542114258,-0.40423348546028137,-0.44574132561683655,-0.45422643423080444,-0.4144766330718994,-0.38852137327194214,-0.2883075177669525,-0.18635661900043488
0.0,0.0,-0.003863536985591054,-0.012582594528794289,0.0017718662275001407,0.019071443006396294,0.03387867659330368,0.0631306990981102,0.08046751469373703,0.06450097262859344,0.03307223320007324,0.0,0.0,0.0,0.0,0.0,0.0,0.0,0.0,0.0,-0.0037291436456143856,-0.003296507289633155,-0.0007667788886465132,0.032914843410253525,0.033814914524555206,0.02810407243669033,0.026059215888381004,-0.0005566178588196635,-0.0142696937546134,-0.04187329486012459,-0.07716929912567139,-0.10662870109081268,-0.10062806308269501,-0.07623115181922913,-0.015184463001787663,0.0014638821594417095,-0.0058126300573349,-0.039862681180238724,-0.11128418147563934,-0.16104646027088165,-0.1909777820110321,-0.20993806421756744,-0.21088546514511108,-0.2054569572210312,-0.2254529595375061,-0.21243642270565033,-0.28617578744888306
0.0,0.0,-0.005153823643922806,-0.015184277668595314,-0.010303148999810219,-0.0018185251392424107,0.01767311803996563,0.039756644517183304,0.06966838985681534,0.08877024799585342,0.05434911325573921,0.03702521696686745,0.023569872602820396,0.023569872602820396,0.001666436088271439,0.004811589606106281,0.030992889776825905,0.030992889776825905,0.03602571412920952,0.007365419063717127,-0.00047919878852553666,-0.0008310767589136958,0.0007549496949650347,0.023315278813242912,0.025510190054774284,0.021232614293694496,0.03102606162428856,0.01904071308672428,0.01668880693614483,0.0,-0.03160228952765465,-0.05248041823506355,-0.08581369370222092,-0.05040368437767029,0.01501880120486021,0.06194276362657547,0.07548407465219498,0.08151409029960632,0.05224781483411789,0.014356935396790504,0.002398596378043294,-0.024916216731071472,-0.03948250785470009,-0.061517685651779175,-0.10120803117752075,-0.15172477066516876,-0.21520909667015076
0.0,0.0,-0.005153823643922806,-0.016405440866947174,-0.01732596382498741,-0.013099798001348972,-0.006203905679285526,0.013049525208771229,0.042119044810533524,0.06122090667486191,0.07636208832263947,0.06808299571275711,0.050721414387226105,0.023701446130871773,0.001666436088271439,0.006802544929087162,0.027337465435266495,0.04295516014099121,0.03862273320555687,6.279246736085042e-05,0.00260319747030735,-0.0002328626433154568,0.0007815230637788773,0.01355629600584507,0.008638680912554264,0.016426440328359604,0.03541585057973862,0.04844524338841438,0.025095978751778603,0.0084071708843112,-0.006506454199552536,-0.015665819868445396,-0.04899909719824791,-0.09561584144830704,-0.02847551740705967,0.02817617729306221,0.04479977861046791,0.05898537486791611,0.0903155729174614,0.11675354093313217,0.0965077355504036,0.09597989916801453,0.07089687138795853,0.042187366634607315,-0.009406168013811111,-0.08975464105606079,-0.14865688979625702
0.0,0.0,-0.004848422482609749,-0.015455794520676136,-0.018910102546215057,-0.014546815305948257,-0.008146941661834717,-0.0008237097645178437,0.018758684396743774,0.042024023830890656,0.06222599744796753,0.07015705108642578,0.052684661000967026,0.025011423975229263,0.0008297435706481338,0.0008297435706481338,-0.0010594092309474945,-0.0006407008622772992,-0.008926092647016048,0.007872069254517555,0.004278716631233692,0.0,0.0016535355243831873,0.0016535355243831873,-0.007163224741816521,0.0017158535774797201,0.03558401018381119,0.0811583548784256,0.05725492164492607,0.022792307659983635,-0.019812198355793953,-0.08078865706920624,-0.12092859297990799,-0.16601166129112244,-0.2057579904794693,-0.19794218242168427,-0.17949847877025604,-0.1469319760799408,-0.07486347109079361,0.01176060363650322,0.053204458206892014,0.08723187446594238,0.08343018591403961,0.055466264486312866,-0.00021043437300249934,-0.08634819090366364,-0.18190771341323853
0.0,0.0,0.010156680829823017,0.013349601067602634,0.01863476261496544,0.01829254999756813,-0.006594870705157518,-0.016697699204087257,-0.003857361152768135,0.012690555304288864,0.029712127521634102,0.051591672003269196,0.053534023463726044,0.04538193345069885,0.025583412498235703,0.0,-0.00023737421724945307,-0.004600022453814745,-0.007430559955537319,0.006771098356693983,0.005716915708035231,0.007777620572596788,0.0,0.0,-0.006766119040548801,-0.015996262431144714,-0.0031640809029340744,0.012681795284152031,0.017333082854747772,-0.022628234699368477,-0.11292954534292221,-0.2036186009645462,-0.2767075002193451,-0.3258374035358429,-0.346424400806427,-0.26190322637557983,-0.240045428276062,-0.1826336532831192,-0.15195421874523163,-0.10556989163160324,-0.09841931611299515,-0.05963852256536484,-0.042717333883047104,-0.05308075621724129,-0.08716738224029541,-0.12178276479244232,-0.2130962759256363
