currents_20100917.json
{"header": {"parameterCategory":2,"parameterNumber":2,"nx":74,"ny":54,"lo1":22.5,"la1":41.2,"lo2":27.0,"la2":38.2,"dx":0.06164383561643835,"dy":0.05660377358490566,"refTime":"2010-09-17T12:00:00"}, "data":
[rows 0 to 20 of 54, columns 0 to 46 of 74]
0.0,0.0,0.0,0.0,0.0,0.0,0.0,0.0,0.0,0.0,0.0,0.0,0.0,0.0,0.0,0.0,0.0,0.0,0.0,0.0,0.0,0.0,0.0,0.0,0.0,0.0,0.0,0.0,0.0,0.0,0.0,0.0,0.0,0.0,0.0,0.0,0.0,0.0,0.0,0.0,0.0,0.0,0.0,0.0,0.0,0.0,0.0
0.0,0.0,0.0,0.0,0.0,0.0,0.0,0.0,0.0,0.0,0.0,0.0,0.0,0.0,0.0,0.0,0.0,0.0,0.0,0.0,0.0,0.0,0.0,0.0,0.0,0.0,0.0,0.0,0.0,0.0,0.0,0.0,0.0,0.0,0.0,0.0,0.0,0.0,0.0,0.0,0.0,0.0,0.0,0.0,0.0,0.0,0.0
0.0,0.0,0.0,0.0,0.0,0.0,0.0,0.0,0.0,0.0,0.0,0.0,0.0,0.0,0.0,0.0,0.0,0.0,0.0,0.0,0.0,0.0,0.0,0.0,0.0,0.0,0.0,0.0,0.0,0.0,0.0,0.0,0.0,0.0,0.0,0.0,0.0,0.0,0.0,0.0,0.0,0.0,0.0,0.0,0.0,0.0,0.0
0.0,0.0,0.0,0.0,0.0,0.0,0.0,0.0,0.0,0.0,0.0,0.0,0.0,0.0,0.0,0.0,0.0,0.0,0.0,0.0,0.0,0.0,0.0,0.0,0.0,0.0,0.0,0.0,0.0,0.0,0.0,0.0,0.00015619341866113245,0.0,0.0,0.0,0.0,0.0,0.0,0.0,0.0,0.0031990353018045425,0.0031990353018045425,0.0031990353018045425,0.0,0.0,0.0
0.0,0.0,0.0,0.0,0.0,0.0,0.0,0.0,0.0,0.0,0.0,0.0,0.0,0.0,0.0,0.0,0.0,0.0,0.0,0.0,0.0,0.0,0.0,0.0,0.0,0.0,0.0,0.0,0.0,0.0,0.0,0.0,0.0020887635182589293,0.0019568309653550386,0.0,0.0,0.0,0.0,0.0,0.0,0.0,0.013743766583502293,0.06079098582267761,0.030391188338398933,0.0,0.0,0.0
0.0,0.0,0.0,0.0,0.0,0.0,0.0,0.0,0.0,0.0,0.0,0.0,0.0,0.0,0.0,0.0,0.0,0.0,0.0,0.0,0.0,0.0,0.0,0.0,0.0,0.0,0.0,0.0,0.0,0.0,0.0,0.00672335596755147,0.015683289617300034,0.03214447200298309,0.0405520498752594,0.0,0.0,0.0,0.03274112567305565,0.047499269247055054,0.11508186906576157,0.12882563471794128,0.17581312358379364,0.1691395491361618,0.13912783563137054,0.139142706990242,0.12159112095832825
0.0,0.0,0.0,0.0,0.0,0.0,0.0,0.0,0.0,0.0,0.0,0.0,0.0,0.0,0.0,0.0,0.0,0.0,0.0,0.0,0.0,0.0,0.0,0.0,0.0,0.0,0.0,0.0,0.004178969655185938,0.005631751846522093,0.014253633096814156,0.03476705774664879,0.06336528807878494,0.08680913597345352,0.10158538073301315,0.025967076420783997,0.0,0.023479538038372993,0.09489178657531738,0.1741180121898651,0.24370507895946503,0.2973446846008301,0.32101890444755554,0.3419487476348877,0.3518005311489105,0.34478574991226196,0.29425859451293945
0.0,0.0,0.0,0.0,0.0,0.0,0.0,0.0,0.0,0.0,0.0,0.0,0.0,0.0,0.0,0.0,0.0,0.0,0.0,0.0,0.0,0.0,0.0,0.0,0.0,0.0,0.0,0.0,0.030222050845623016,0.04580361396074295,0.09508368372917175,0.1007375568151474,0.1147400289773941,0.11454083770513535,0.07821453362703323,0.01905825547873974,0.02332516945898533,0.08898299932479858,0.12967495620250702,0.157964825630188,0.2254462093114853,0.2931234836578369,0.3364141285419464,0.3548961281776428,0.35999351739883423,0.34235841035842896,0.311168372631073
0.0,0.0,0.0,0.0,0.0,0.0,0.0,0.0,0.0,0.0,0.0,0.0,0.0,0.0,0.0,0.0,0.0,0.0,0.0,0.0,0.00036772977910004556,0.00412575900554657,0.0044046202674508095,0.013745062053203583,0.043734729290008545,0.043734729290008545,0.096624456346035,0.10097508877515793,0.11634734272956848,0.1611182689666748,0.1711224913597107,0.16038815677165985,0.07864009588956833,0.06916797906160355,0.03983623906970024,0.01905825547873974,0.04954934120178223,0.07350373268127441,0.10903920978307724,0.17329241335391998,0.17990556359291077,0.24632763862609863,0.27144739031791687,0.28487277030944824,0.2845473885536194,0.29758381843566895,0.2864696681499481
0.0,0.0,0.0,0.0,0.0,0.0,0.0,0.0,0.0,0.0,0.0,0.0,0.0,0.0,0.0,0.0,0.0,0.0,0.0,0.0,0.003061549039557576,0.006819578353315592,0.008747576735913754,0.03306212276220322,0.07182058691978455,0.12358208745718002,0.20686854422092438,0.22028334438800812,0.23716890811920166,0.23687924444675446,0.22290201485157013,0.17134279012680054,0.08021144568920135,0.009018884040415287,0.00019061284547206014,0.0,0.0,0.016539203003048897,0.06382578611373901,0.13010284304618835,0.16533970832824707,0.15702545642852783,0.15442851185798645,0.1678275167942047,0.18621495366096497,0.20953764021396637,0.22138825058937073
0.0,0.0,0.0,0.0,0.0,0.0,0.0,0.0,0.0,0.0,0.0,0.0,0.0,0.0,0.0,0.0,0.0,0.0,0.0,0.0,0.0,0.003751081647351384,0.00883343257009983,0.0016050609992817044,0.029749611392617226,0.05695713683962822,0.10494618862867355,0.13985465466976166,0.1679510772228241,0.17416177690029144,0.17378535866737366,0.14560654759407043,0.10774345695972443,0.08553268760442734,0.00019061284547206014,0.0,0.0,0.019360968843102455,0.08512594550848007,0.04213110730051994,0.05026477947831154,0.029278162866830826,0.03155238926410675,0.04555056616663933,0.05806054174900055,0.07184906303882599,0.08269303292036057
0.0,0.0,0.0,0.0,0.0,4.064696895511588e-06,-0.0013064941158518195,-0.0026547422166913748,-0.0014006487326696515,0.0,0.0,0.0,0.0,0.0,0.0,0.0,0.0,0.0,0.0,0.0,0.0,0.0,0.004012565594166517,-0.001544397440738976,-0.010881152004003525,0.01632637344300747,0.021228032186627388,0.05524912104010582,0.08329211175441742,0.1062183678150177,0.11200029402971268,0.08782573789358139,0.08964920043945312,0.06743842363357544,0.027574952691793442,0.027295760810375214,0.027295760810375214,0.037011291831731796,0.025039661675691605,-0.036192674189805984,-0.07372140884399414,-0.09504861384630203,-0.09556055068969727,-0.09575986117124557,-0.08296960592269897,-0.07411415874958038,-0.05123414471745491
0.0,0.0,0.0,-0.000723956327419728,-0.000723956327419728,0.0004242652503307909,-0.0008862935355864465,-0.00477870088070631,-0.0014006487326696515,0.0,0.0,0.0,0.0,0.0,0.0,0.0,0.0,0.0,0.0,0.0,0.0,0.0,0.0015616613673046231,0.002196486108005047,-0.007809630129486322,-0.02380756102502346,-0.044372569769620895,-0.01526839379221201,-0.01083347387611866,0.009009746834635735,0.03348501771688461,0.021853674203157425,0.023100169375538826,0.03393206000328064,0.039081353694200516,0.03859354928135872,0.015902496874332428,-0.008985335007309914,-0.08561502397060394,-0.15072864294052124,-0.1863466501235962,-0.20756903290748596,-0.21164153516292572,-0.21698667109012604,-0.20997396111488342,-0.18917539715766907,-0.15090662240982056
0.0,0.0,-0.0006858198321424425,-0.003981891553848982,-0.004873828962445259,-0.0018577639712020755,-0.0009556989534758031,-0.0009556989534758031,-0.0009556989534758031,0.0,0.0,0.0,0.0,0.0,0.0,0.0,0.0,0.0,0.0,0.0,0.0,0.0,0.0015616613673046231,0.01208107266575098,0.018870102241635323,-0.001403392874635756,-0.06751907616853714,-0.11902172118425369,-0.12688876688480377,-0.11286551505327225,-0.08960644900798798,-0.08160047978162766,-0.06910987943410873,-0.049542587250471115,-0.048689428716897964,-0.06814070791006088,-0.11130879074335098,-0.15272153913974762,-0.19972234964370728,-0.2438870370388031,-0.2693116068840027,-0.28530165553092957,-0.28159573674201965,-0.271062433719635,-0.24978762865066528,-0.21289028227329254,-0.16378459334373474
0.0,0.0,-0.0021149921230971813,-0.005872760899364948,-0.0073104361072182655,-0.0027675519231706858,0.02208530902862549,0.02307259663939476,0.0,0.0,0.0,0.0,0.0,0.0,0.0,0.0,0.0,0.0,0.0,0.0,0.0,0.0,0.0,0.004912902135401964,0.012814993970096111,0.009221331216394901,-0.04856514930725098,-0.1127418503165245,-0.1307077258825302,-0.17449574172496796,-0.14455856382846832,-0.13546545803546906,-0.13260769844055176,-0.11616366356611252,-0.11961237341165543,-0.14948564767837524,-0.19797536730766296,-0.19952712953090668,-0.22107353806495667,-0.2518440783023834,-0.277268648147583,-0.30235129594802856,-0.30868294835090637,-0.2918137013912201,-0.26469504833221436,-0.19467397034168243,-0.13390788435935974
0.0,0.0,-0.0021149921230971813,-0.00482818903401494,-0.00681428425014019,0.02022668533027172,0.039364490658044815,0.051063209772109985,0.016792241483926773,0.009861104190349579,0.0,0.0,0.0,0.0,0.0,0.0,0.0,0.0,0.0,0.0,0.00010174064664170146,0.003463749075308442,0.003463749075308442,0.005651364102959633,0.017174260690808296,0.013580597005784512,-0.0011664166813716292,-0.06223241239786148,-0.12049047648906708,-0.17983731627464294,-0.14695808291435242,-0.13602006435394287,-0.12687543034553528,-0.13302040100097656,-0.15010692179203033,-0.17341895401477814,-0.17671580612659454,-0.1763894408941269,-0.1682499349117279,-0.19446268677711487,-0.23605991899967194,-0.2669292986392975,-0.2899375557899475,-0.28120145201683044,-0.2759508192539215,-0.19957002997398376,-0.133229598402977
0.0,0.0,-0.00012798263924196362,0.002640631515532732,0.005275883711874485,0.020337041467428207,0.036623116582632065,0.07001062482595444,0.0978790670633316,0.07402186840772629,0.033311765640974045,0.0,0.0,0.0,0.0,0.0,0.0,0.0,0.0,0.0,0.00033858674578368664,0.007018475327640772,0.01593465730547905,0.059749674052000046,0.07580646872520447,0.07218513637781143,0.049382664263248444,0.002476124558597803,-0.012859240174293518,-0.0447479672729969,-0.07211711257696152,-0.04009312391281128,-0.034377750009298325,-0.04979296773672104,-0.09300568699836731,-0.06827564537525177,-0.03958093374967575,-0.010576038621366024,0.00308156106621027,-0.025722870603203773,-0.07970814406871796,-0.1349918693304062,-0.21534687280654907,-0.25942105054855347,-0.29827043414115906,-0.2888433039188385,-0.2848072052001953
0.0,0.0,-0.004431063309311867,-0.006089551839977503,-0.0074387784115970135,0.0004924868699163198,0.021997716277837753,0.04657744616270065,0.08569582551717758,0.1225353553891182,0.07883080095052719,0.06148667633533478,0.03077148273587227,0.03077148273587227,0.004317202605307102,0.012465289793908596,0.03220357373356819,0.03220357373356819,0.04333191365003586,0.008859164081513882,4.3508742237463593e-05,0.006794626824557781,0.0024113014806061983,0.02022193744778633,0.0364924855530262,0.032180994749069214,0.04188334196805954,0.022914426401257515,0.021557770669460297,0.0,-0.025026092305779457,0.01127160619944334,0.05340125039219856,0.03507928550243378,0.02831861563026905,0.04182900860905647,0.04112006723880768,0.07984013855457306,0.10503225773572922,0.10072832554578781,0.07988077402114868,0.02858804725110531,-0.054460879415273666,-0.14945228397846222,-0.21228423714637756,-0.24256329238414764,-0.2731206715106964
0.0,0.0,-0.004431063309311867,-0.01382349245250225,-0.015610910952091217,-0.009587164968252182,0.002856010105460882,0.023684097453951836,0.053550172597169876,0.09038970619440079,0.1116475909948349,0.10345897823572159,0.0636989176273346,0.030943257734179497,0.004317202605307102,0.017623215913772583,0.038248468190431595,0.053794872015714645,0.05406812205910683,0.007662762422114611,0.010693700984120369,-0.001487122499383986,-0.008287656120955944,-0.009145240299403667,-0.0022334714885801077,0.011375495232641697,0.03664197400212288,0.055081624537706375,0.03535737469792366,0.013799605891108513,-0.0015312146861106157,0.02518504112958908,0.06731468439102173,0.09254196286201477,0.10009153187274933,0.10962755978107452,0.08749835193157196,0.08590324968099594,0.12435577064752579,0.17048196494579315,0.16757667064666748,0.16068390011787415,0.08285020291805267,-0.019249314442276955,-0.08820130676031113,-0.16372017562389374,-0.2242279350757599
0.0,0.0,-0.004381825216114521,-0.013670386746525764,-0.009563080966472626,-0.0010428816312924027,0.011699040420353413,0.02654501423239708,0.0369439497590065,0.055072441697120667,0.0671912431716919,0.07753738760948181,0.060210105031728745,0.030155513435602188,0.0021496000699698925,0.0021496000699698925,0.015922686085104942,0.024014772847294807,0.019700804725289345,0.039742570370435715,0.017576584592461586,0.0,-0.0011154949897900224,-0.0011154949897900224,0.001889981678687036,0.014087715186178684,0.03976454213261604,0.08287874609231949,0.0717964842915535,0.04230544716119766,-0.00597043801099062,-0.007484192959964275,0.013695599511265755,0.030063623562455177,0.03904254361987114,0.005892416927963495,-0.019455887377262115,-0.020758002996444702,0.01765911839902401,0.06428173929452896,0.09596800804138184,0.12585292756557465,0.12883898615837097,0.07133971154689789,0.008260552771389484,-0.07379142194986343,-0.1501622051000595
0.0,0.0,-0.004205239936709404,-0.01253004651516676,-2.1979029042995535e-05,0.006535935681313276,-0.007807450834661722,-0.01016710139811039,-0.006266295909881592,0.001480707200244069,0.030146459117531776,0.05715733766555786,0.05985387787222862,0.045918259769678116,0.01735611818730831,0.0,0.0017306040972471237,0.008361643180251122,0.03752351552248001,0.04781091958284378,0.033484458923339844,0.03741701319813728,0.0,0.0,0.0015966781647875905,0.012857631780207157,0.037633247673511505,0.06911837309598923,0.07809822261333466,0.04469277709722519,-0.012839371338486671,-0.07994968444108963,-0.11592511832714081,-0.10737190395593643,-0.11505910754203796,-0.07540758699178696,-0.09934455156326294,-0.10581077635288239,-0.10661575943231583,-0.07934147864580154,-0.06570583581924438,-0.026017963886260986,0.007639657706022263,-0.016614742577075958,-0.05856398865580559,-0.05903838202357292,-0.06535381078720093
