currents_20100915.json
{"header": {"parameterCategory":2,"parameterNumber":3,"nx":74,"ny":54,"lo1":22.5,"la1":41.2,"lo2":27.0,"la2":38.2,"dx":0.06164383561643835,"dy":0.05660377358490566,"refTime":"2010-09-15T12:00:00"}, "data":
[rows 0 to 20 of 54, columns 0 to 46 of 74]
0.0,0.0,0.0,0.0,0.0,0.0,0.0,0.0,0.0,0.0,0.0,0.0,0.0,0.0,0.0,0.0,0.0,0.0,0.0,0.0,0.0,0.0,0.0,0.0,0.0,0.0,0.0,0.0,0.0,0.0,0.0,0.0,0.0,0.0,0.0,0.0,0.0,0.0,0.0,0.0,0.0,0.0,0.0,0.0,0.0,0.0,0.0
0.0,0.0,0.0,0.0,0.0,0.0,0.0,0.0,0.0,0.0,0.0,0.0,0.0,0.0,0.0,0.0,0.0,0.0,0.0,0.0,0.0,0.0,0.0,0.0,0.0,0.0,0.0,0.0,0.0,0.0,0.0,0.0,0.0,0.0,0.0,0.0,0.0,0.0,0.0,0.0,0.0,0.0,0.0,0.0,0.0,0.0,0.0
0.0,0.0,0.0,0.0,0.0,0.0,0.0,0.0,0.0,0.0,0.0,0.0,0.0,0.0,0.0,0.0,0.0,0.0,0.0,0.0,0.0,0.0,0.0,0.0,0.0,0.0,0.0,0.0,0.0,0.0,0.0,0.0,0.0,0.0,0.0,0.0,0.0,0.0,0.0,0.0,0.0,0.0,0.0,0.0,0.0,0.0,0.0
0.0,0.0,0.0,0.0,0.0,0.0,0.0,0.0,0.0,0.0,0.0,0.0,0.0,0.0,0.0,0.0,0.0,0.0,0.0,0.0,0.0,0.0,0.0,0.0,0.0,0.0,0.0,0.0,0.0,0.0,0.0,0.0,0.0,0.0,0.0,0.0,0.0,0.0,0.0,0.0,0.0,0.0,0.0012106334324926138,0.0011358382180333138,0.0,0.0,0.0
0.0,0.0,0.0,0.0,0.0,0.0,0.0,0.0,0.0,0.0,0.0,0.0,0.0,0.0,0.0,0.0,0.0,0.0,0.0,0.0,0.0,0.0,0.0,0.0,0.0,0.0,0.0,0.0,0.0,0.0,0.0,0.0,0.0,0.0,0.0,0.0,0.0,0.0,0.0,0.0,0.0,0.0012581351911649108,0.005233681295067072,0.0011358382180333138,0.0,0.0,0.0
0.0,0.0,0.0,0.0,0.0,0.0,0.0,0.0,0.0,0.0,0.0,0.0,0.0,0.0,0.0,0.0,0.0,0.0,0.0,0.0,0.0,0.0,0.0,0.0,0.0,0.0,0.0,0.0,0.0,0.0,0.0,0.01874467357993126,0.004718148149549961,0.004718148149549961,-0.031049324199557304,0.0,0.0,0.0,0.0,0.02741508185863495,0.039344653487205505,0.022619839757680893,0.00838804617524147,-0.028512489050626755,-0.06115225702524185,-0.05700746178627014,-0.052220143377780914
0.0,0.0,0.0,0.0,0.0,0.0,0.0,0.0,0.0,0.0,0.0,0.0,0.0,0.0,0.0,0.0,0.0,0.0,0.0,0.0,0.0,0.0,0.0,0.0,0.0,0.0,0.0,0.0,0.0,0.0,0.014257689006626606,0.04151879623532295,0.032639455050230026,-0.01146896742284298,-0.05390021577477455,-0.00825423002243042,0.0,-0.034311942756175995,0.0017298201564699411,0.051972564309835434,0.06399080157279968,0.05937749147415161,0.018422523513436317,-0.03942633792757988,-0.08958681672811508,-0.11057335138320923,-0.11403363198041916
0.0,0.0,0.0,0.0,0.0,0.0,0.0,0.0,0.0,0.0,0.0,0.0,0.0,0.0,0.0,0.0,0.0,0.0,0.0,0.0,0.0,0.0,0.0,0.0,0.0,0.0,0.0,0.0,0.0,0.015387636609375477,0.04224703460931778,0.0589168518781662,0.06483020633459091,0.04598725214600563,0.020928358659148216,-0.0048430985771119595,-0.07815675437450409,-0.09702260047197342,-0.01628633216023445,0.03874223679304123,0.0730055496096611,0.07571808248758316,0.03582918643951416,-0.03770631551742554,-0.09719990938901901,-0.1394018679857254,-0.17355936765670776
0.0,0.0,0.0,0.0,0.0,0.0,0.0,0.0,0.0,0.0,0.0,0.0,0.0,0.0,0.0,0.0,0.0,0.0,0.0,0.0014357328182086349,0.015735896304249763,0.015369672328233719,-0.0006329133175313473,-0.01820576936006546,-0.02460905909538269,-0.005202082917094231,0.0,0.04668458551168442,0.057515375316143036,0.0713738426566124,0.029975906014442444,0.0066973501816391945,0.002192155458033085,0.016343016177415848,0.00866379402577877,0.0,-0.05659421160817146,-0.049279261380434036,0.009438526816666126,0.1312721222639084,0.1751757711172104,0.11402011662721634,0.051358334720134735,-0.049438249319791794,-0.1266428381204605,-0.17227983474731445,-0.19330406188964844
0.0,0.0,0.0,0.0,0.0,0.0,0.0,0.0,0.0,0.0,0.0,0.0,0.0,0.0,0.0,0.0,0.0,0.0,0.0,0.0014357328182086349,0.018866192549467087,0.036287110298871994,0.02028452418744564,-0.005952337756752968,-0.0098299290984869,-0.005898339673876762,0.03759615495800972,0.08368676155805588,0.09458154439926147,0.060919519513845444,0.01952158287167549,-0.052485670894384384,-0.10838853567838669,-0.09423767775297165,0.0,0.0,0.0,0.007314951159060001,0.08723124116659164,0.22249367833137512,0.19882133603096008,0.13766568899154663,0.041751325130462646,-0.06402687728404999,-0.1486111581325531,-0.19295449554920197,-0.19781360030174255
0.0,0.0,0.0,0.0,0.0,0.0,0.0,0.0,0.0,0.0,0.0,0.0,0.0,0.0,0.0,0.0,0.0,0.0,0.0,0.0010714087402448058,0.0010714087402448058,0.03564325347542763,0.05876244604587555,0.05257607623934746,0.0656004473567009,0.06508099287748337,0.07205047458410263,0.0908295139670372,0.09415478259325027,0.05281464383006096,-0.022733692079782486,-0.13604947924613953,-0.22780807316303253,-0.16059905290603638,0.0,0.0,0.0,0.08027739077806473,0.23787927627563477,0.27418264746665955,0.19560058414936066,0.09098013490438461,-0.005717306863516569,-0.06880731135606766,-0.13748699426651,-0.18059028685092926,-0.18726396560668945
0.0,0.0,0.0,0.0,0.0,-0.0024396840017288923,-0.003459475701674819,-0.003924763761460781,-0.0005053288768976927,0.0,0.0,0.0,0.0,0.0,0.0,0.0,0.0,0.0,0.0,0.0,0.0,0.0,0.02340252511203289,0.020442161709070206,0.0641043409705162,0.11056071519851685,0.12070146948099136,0.12788470089435577,0.10343194007873535,0.06167256832122803,-0.028604399412870407,-0.15865729749202728,-0.23989394307136536,-0.19303767383098602,-0.04735933244228363,-0.030178459361195564,0.07684805989265442,0.16655954718589783,0.22945638000965118,0.19064940512180328,0.12419373542070389,0.04950982704758644,-0.011747407726943493,-0.05978813394904137,-0.11054158210754395,-0.15234802663326263,-0.1537889838218689
0.0,0.0,0.0049683102406561375,0.0049683102406561375,-0.0038918585050851107,-0.0014561513671651483,-0.0036277417093515396,-0.004195456393063068,-0.0005053288768976927,0.0,0.0,0.0,0.0,0.0,0.0,0.0,0.0,0.0,0.0,0.0,0.0,0.0,0.0,0.004434933885931969,0.042732976377010345,0.08918935060501099,0.13871066272258759,0.14172281324863434,0.11535389721393585,0.0676964670419693,-0.022580498829483986,-0.1547391712665558,-0.230018749833107,-0.18316248059272766,-0.0943712666630745,-0.06040031090378761,0.05048681050539017,0.1271536648273468,0.19005049765110016,0.1324779987335205,0.09206613898277283,0.03563449904322624,-0.011969887651503086,-0.04966890811920166,-0.09071537852287292,-0.12439100444316864,-0.13485611975193024
0.0,0.0,0.0074998764321208,0.008670876733958721,-0.015031159855425358,-0.0048909978941082954,-1.924674324982334e-05,-1.924674324982334e-05,-1.924674324982334e-05,0.0,0.0,0.0,0.0,0.0,0.0,0.0,0.0,0.0,0.0,0.0,0.0,0.0,0.003914716187864542,0.014252929016947746,0.005840461701154709,0.07142151147127151,0.13840514421463013,0.12806768715381622,0.12817728519439697,0.07900942116975784,-0.010663674212992191,-0.1253325194120407,-0.20752452313899994,-0.20793792605400085,-0.1463708132505417,-0.08525794744491577,0.06494536250829697,0.13683371245861053,0.11525414884090424,0.09611506760120392,0.06147165969014168,0.023336781188845634,-0.013810329139232635,-0.05059808865189552,-0.08425462990999222,-0.11297270655632019,-0.13483428955078125
0.0,0.0,0.004868278279900551,0.0006625493406318128,-0.015782006084918976,-0.015318159945309162,-0.006385072600096464,0.0,0.0,0.0,0.0,0.0,0.0,0.0,0.0,0.0,0.0,0.0,0.0,0.0,0.0,0.0,0.0,0.004525877069681883,0.0009981330949813128,0.013385492376983166,0.05961238220334053,0.07842572033405304,0.13419070839881897,0.09157367795705795,0.025155337527394295,-0.10171890258789062,-0.1915241926908493,-0.2673129141330719,-0.24948465824127197,-0.13285867869853973,-0.01522952038794756,0.0594974011182785,0.04265529289841652,0.03293868526816368,0.021640151739120483,-0.013152734376490116,-0.03202582150697708,-0.04528452083468437,-0.05228789523243904,-0.02508290857076645,-0.01729346066713333
0.0,0.0,-0.004279820714145899,0.0016247830353677273,-0.004047406371682882,-0.00265215034596622,-0.020885132253170013,-0.005800763610750437,-0.023060455918312073,0.0,0.0,0.0,0.0,0.0,0.0,0.0,0.0,0.0,0.0,0.0005341079086065292,0.0034631616435945034,0.0034631616435945034,-0.0018091438105329871,-0.01537633128464222,0.0001612407504580915,0.012548599392175674,0.016193341463804245,0.0353056937456131,0.08849095553159714,0.10492517799139023,0.03850684314966202,-0.07427550107240677,-0.18011537194252014,-0.2746158838272095,-0.29545581340789795,-0.15919718146324158,-0.06664067506790161,-0.014341451227664948,-0.016023313626646996,-0.022897744551301003,-0.03419627621769905,-0.018341947346925735,-0.025708645582199097,-0.0007710142526775599,0.04061022028326988,0.07229611277580261,0.10105360299348831
0.0,0.0,-0.005673480220139027,-0.005142481066286564,0.017026258632540703,0.029072046279907227,0.012199071235954762,-0.02604602463543415,-0.07278822362422943,-0.02569916658103466,-0.0022950232960283756,-0.0022950232960283756,-0.0022950232960283756,0.0,0.0003600598138291389,-0.0014802789082750678,-0.0014802789082750678,-0.0014802789082750678,0.0,0.00019698042888194323,0.007406433112919331,0.0021797206718474627,-0.01567213609814644,-0.04345334693789482,-0.00981023721396923,0.0003605078672990203,0.00013051262067165226,-0.00037378654815256596,0.0,0.028060900047421455,0.03982171043753624,-0.04054892435669899,-0.15715494751930237,-0.26232486963272095,-0.3140150010585785,-0.17241348326206207,-0.10016398131847382,-0.06957069784402847,-0.06362594664096832,-0.07251320034265518,-0.07538143545389175,-0.05741932988166809,-0.015914935618638992,0.04973727464675903,0.11963505297899246,0.18100012838840485,0.21816888451576233
0.0,0.0,-0.007119103334844112,-0.007349794264882803,0.02269691601395607,0.03931080177426338,0.028677409514784813,0.0024132891558110714,-0.04270482435822487,-0.03773314133286476,-0.04823995754122734,-0.04736226424574852,-0.02651454694569111,-0.003024308942258358,0.0037073453422635794,0.0023284826893359423,-0.030548429116606712,-0.018173035234212875,0.0,0.0,0.000786281016189605,0.005634983070194721,-0.008595184423029423,-0.02479114755988121,-0.0040303911082446575,0.0020697559230029583,0.002693381393328309,-0.045382700860500336,-0.00010041302448371425,0.017762869596481323,0.0009759123204275966,-0.06837204843759537,-0.14641346037387848,-0.21162374317646027,-0.2313394546508789,-0.1609029620885849,-0.11044339090585709,-0.1097598597407341,-0.11021016538143158,-0.09893397241830826,-0.09655473381280899,-0.06650612503290176,-0.017905699089169502,0.04412588104605675,0.09369133412837982,0.14841435849666595,0.15363788604736328
0.0,0.0,-0.007119103334844112,-0.009462950751185417,0.022093188017606735,0.04456212744116783,0.04919755458831787,0.029145069420337677,-0.01592831499874592,-0.04468996450304985,-0.06554978340864182,-0.07347723841667175,-0.0532417967915535,-0.011908335611224174,0.0,0.0012154285795986652,-0.025077134370803833,-0.035782765597105026,-0.018761349841952324,-0.019046518951654434,-0.009956239722669125,0.002846076153218746,0.0032332304399460554,-0.010407449677586555,-0.005837615579366684,-0.014345274306833744,-0.002693117829039693,-0.06981387734413147,-0.05718046426773071,-0.03811890631914139,-0.016786957159638405,-0.12454831600189209,-0.13319827616214752,-0.1743355244398117,-0.18397998809814453,-0.15981362760066986,-0.14126309752464294,-0.13954395055770874,-0.1307757943868637,-0.12133683264255524,-0.11876627057790756,-0.09173592925071716,-0.038311637938022614,0.01700279489159584,0.07415690273046494,0.1003420278429985,0.10541027039289474
0.0,0.0,-0.012807857245206833,-0.017726439982652664,0.016189321875572205,0.05746578797698021,0.07206156104803085,0.054876457899808884,0.008403229527175426,-0.03920797258615494,-0.07237353920936584,-0.0907973051071167,-0.08166228234767914,-0.033020053058862686,-0.00714143319055438,9.233038144884631e-05,0.0029881284572184086,-0.021846475079655647,-0.04566899314522743,-0.04889773204922676,-0.01413541566580534,-0.0041791764087975025,0.0,-0.0005664973286911845,-0.031140323728322983,0.024173295125365257,0.04762043058872223,-0.07489188760519028,-0.09139253199100494,-0.06439095735549927,-0.05345146730542183,-0.21588091552257538,-0.1842600554227829,-0.16112835705280304,-0.15832805633544922,-0.18331480026245117,-0.15138261020183563,-0.13402536511421204,-0.12470973283052444,-0.12831486761569977,-0.12865671515464783,-0.1166830062866211,-0.07516944408416748,-0.036404892802238464,0.023190446197986603,0.06611888855695724,0.06201968714594841
0.0,0.0,-0.015176584012806416,-0.02534291334450245,0.0062101599760353565,0.051916271448135376,0.07955928146839142,0.07321790605783463,0.022634822875261307,-0.023734357208013535,-0.06071516126394272,-0.08752945810556412,-0.11642288416624069,-0.08529171347618103,-0.06358464807271957,0.0,0.0003290328895673156,-0.006776057183742523,-0.0310478787869215,-0.046253275126218796,-0.053392164409160614,-0.02691788598895073,0.0,-0.0005664973286911845,-0.01026811171323061,0.05992951989173889,0.0870051458477974,-0.06784988194704056,-0.11032772809267044,-0.13715852797031403,-0.15916703641414642,-0.2616039514541626,-0.2289067953824997,-0.21665532886981964,-0.22545510530471802,-0.17202234268188477,-0.030009286478161812,0.012079771608114243,0.025540146976709366,-0.04597945138812065,-0.08847344666719437,-0.12311168015003204,-0.11666419357061386,-0.07202964276075363,-0.03784044086933136,-0.006308708339929581,-0.010149079374969006
