currents_20100913.json
{"header": {"parameterCategory":2,"parameterNumber":2,"nx":74,"ny":54,"lo1":27.46,"la1":47.1,"lo2":42.58,"la2":40.43,"dx":0.20712328767123284,"dy":0.12584905660377363,"refTime":"2010-09-13T12:00:00"}, "data":
[rows 22 to 43 of 54, columns 0 to 48 of 74]
0.0,0.0,0.0,0.0,0.0,0.0,-0.009627980180084705,-0.13318945467472076,-0.1799919754266739,-0.16000422835350037,-0.11986313760280609,-0.09028442949056625,-0.0739448219537735,-0.0640898048877716,-0.05541272461414337,-0.0550573505461216,-0.05599120631814003,-0.04620055854320526,-0.04647861048579216,-0.07878821343183517,-0.11243490874767303,-0.15470032393932343,-0.17452552914619446,-0.13464204967021942,-0.06557232141494751,-0.011731013655662537,0.016346454620361328,-0.015364838764071465,-0.08515822887420654,-0.058482687920331955,0.04851514846086502,0.06723101437091827,-0.0611889474093914,-0.20623145997524261,-0.20530132949352264,-0.22142526507377625,-0.21809393167495728,-0.20536628365516663,-0.18377570807933807,-0.1530127078294754,-0.11527829617261887,-0.07775615900754929,-0.04588509723544121,-0.026162046939134598,-0.013239202089607716,-0.006912225391715765,-0.023419411852955818,-0.06937267631292343,-0.11982768774032593
0.0,0.0,0.0,0.0,0.0,0.0,-0.005877214949578047,-0.12763839960098267,-0.11632531136274338,-0.08645207434892654,-0.07380398362874985,-0.0879717618227005,-0.0763854905962944,-0.06673214584589005,-0.06098150461912155,-0.04786703363060951,-0.04650314897298813,-0.04023072496056557,-0.007276257965713739,-0.03353610262274742,-0.07243774086236954,-0.1204882487654686,-0.1781284362077713,-0.23259411752223969,-0.22224602103233337,-0.1790609210729599,-0.15421201288700104,-0.1722726672887802,-0.21157601475715637,-0.20356875658035278,-0.2012408822774887,-0.21282799541950226,-0.2588217258453369,-0.20931237936019897,-0.20999346673488617,-0.18584632873535156,-0.17417915165424347,-0.1778339147567749,-0.1728941798210144,-0.16848430037498474,-0.15773411095142365,-0.1499890685081482,-0.1329868733882904,-0.12777425348758698,-0.11555619537830353,-0.09536544233560562,-0.09201313555240631,-0.11719029396772385,-0.14389166235923767
0.0,0.0,0.0,0.0,0.0,0.0,0.013773973099887371,-0.07418352365493774,-0.04274112358689308,-0.05933517590165138,-0.09946984797716141,-0.0904189944267273,-0.06403767317533493,-0.0555298812687397,-0.033339325338602066,-0.0032410898711532354,0.01701919548213482,0.018943877890706062,0.032520465552806854,0.018809357658028603,-0.032868728041648865,-0.07176721841096878,-0.12262706458568573,-0.16989248991012573,-0.232062429189682,-0.253256618976593,-0.25547319650650024,-0.2614644169807434,-0.2803191542625427,-0.33664965629577637,-0.3720615804195404,-0.35098740458488464,-0.3067733943462372,-0.27624648809432983,-0.20596259832382202,-0.14811156690120697,-0.13619640469551086,-0.15149441361427307,-0.1663268506526947,-0.18670979142189026,-0.18699441850185394,-0.18564149737358093,-0.18121223151683807,-0.19063101708889008,-0.16757073998451233,-0.15366137027740479,-0.1397365927696228,-0.13868151605129242,-0.15487587451934814
0.0,0.0,0.0,0.0,0.0,0.0,-0.04702507331967354,-0.07527079433202744,-0.12998008728027344,-0.18278051912784576,-0.16456884145736694,-0.08247120678424835,-0.0628102496266365,-0.04052077978849411,-0.0157182514667511,0.00298100127838552,0.033797185868024826,0.06456602364778519,0.06990614533424377,0.05463758856058121,-0.004738626070320606,-0.04248616471886635,-0.08400268107652664,-0.12007685005664825,-0.14871008694171906,-0.18706157803535461,-0.21212643384933472,-0.24136532843112946,-0.2654021680355072,-0.28716230392456055,-0.3320803940296173,-0.3498922288417816,-0.3126397430896759,-0.22957098484039307,-0.14216096699237823,-0.09458081424236298,-0.08483677357435226,-0.11045660078525543,-0.14608131349086761,-0.1859707087278366,-0.20544758439064026,-0.19990994036197662,-0.1926080882549286,-0.1960441619157791,-0.18385180830955505,-0.16578541696071625,-0.14817014336585999,-0.1362590342760086,-0.14432939887046814
0.0,0.0,0.0,0.0,0.0,0.0,-0.07488061487674713,-0.13906534016132355,-0.2202819138765335,-0.19158203899860382,-0.1114930585026741,-0.07940754294395447,-0.07703537493944168,-0.053349193185567856,-0.024528618901968002,0.003486726665869355,0.03435509279370308,0.05815351381897926,0.06296074390411377,0.0430268868803978,-0.00015127095684874803,-0.04002329707145691,-0.06129433587193489,-0.08051136881113052,-0.10974815487861633,-0.12771473824977875,-0.1461428701877594,-0.1676030158996582,-0.1892475187778473,-0.19702859222888947,-0.1982530802488327,-0.1841016709804535,-0.15800751745700836,-0.11373788118362427,-0.07469137012958527,-0.045292410999536514,-0.03756886348128319,-0.061610642820596695,-0.11058173328638077,-0.16383937001228333,-0.19736841320991516,-0.2005094587802887,-0.18687160313129425,-0.1676844358444214,-0.1503758579492569,-0.12963786721229553,-0.11314842104911804,-0.09859934449195862,-0.08441213518381119
0.0,0.0,0.0,0.0,0.0,0.0,-0.07352235913276672,-0.1835452914237976,-0.1898144632577896,-0.1287999004125595,-0.10818014293909073,-0.1273765116930008,-0.12402340769767761,-0.08908520638942719,-0.050606291741132736,-0.014620925299823284,0.016709692776203156,0.039537880569696426,0.03451273590326309,0.014750850386917591,-0.010470280423760414,-0.040125686675310135,-0.02835015580058098,-0.03241405636072159,-0.06833697855472565,-0.09736700356006622,-0.11034552752971649,-0.12713868916034698,-0.13933305442333221,-0.14504988491535187,-0.14569725096225739,-0.14003342390060425,-0.12337371706962585,-0.08581129461526871,-0.04829845577478409,-0.02161363512277603,-0.01291499100625515,-0.02310211770236492,-0.0703684464097023,-0.13462316989898682,-0.17388282716274261,-0.18763387203216553,-0.18253743648529053,-0.1522836536169052,-0.11250615119934082,-0.06823050230741501,-0.03279580548405647,0.002089091343805194,0.02056805044412613
0.0,0.0,0.0,0.0,0.0,0.0,-0.06904551386833191,-0.16274775564670563,-0.15519393980503082,-0.14323563873767853,-0.17304907739162445,-0.18516996502876282,-0.17173711955547333,-0.14231733977794647,-0.10311738401651382,-0.061241183429956436,-0.021498704329133034,-0.001303084776736796,-0.007596655283123255,-0.025776879861950874,-0.03508291020989418,-0.03313503414392471,-0.016415011137723923,-0.02724996581673622,-0.039639465510845184,-0.06646072864532471,-0.08181196451187134,-0.08643831312656403,-0.0850432813167572,-0.08551438897848129,-0.09133230149745941,-0.08963403105735779,-0.08674824982881546,-0.07711075246334076,-0.05952979996800423,-0.030649974942207336,-0.011628571897745132,-0.012646636925637722,-0.03964662551879883,-0.09371805191040039,-0.14052271842956543,-0.16545899212360382,-0.15877938270568848,-0.14504487812519073,-0.11066530644893646,-0.058646515011787415,0.009729365818202496,0.07515586912631989,0.1106974333524704
0.0,0.0,0.0,0.0,0.0,0.0,-0.1884540468454361,-0.14623187482357025,-0.15540851652622223,-0.2015821486711502,-0.22252251207828522,-0.22322338819503784,-0.20463740825653076,-0.1733817309141159,-0.15437713265419006,-0.11264903843402863,-0.07634484022855759,-0.0626763254404068,-0.06555773317813873,-0.07514219731092453,-0.06678128987550735,-0.028515487909317017,-0.011593065224587917,-0.03323184698820114,-0.03892070800065994,-0.0498233437538147,-0.05907677114009857,-0.053418438881635666,-0.03374433144927025,-0.02055097557604313,-0.01828780770301819,-0.020051712170243263,-0.025219080969691277,-0.030557943508028984,-0.04569128528237343,-0.04761426895856857,-0.029792318120598793,-0.02152465656399727,-0.02399747259914875,-0.05279714986681938,-0.08766353130340576,-0.12290681153535843,-0.13554763793945312,-0.12652461230754852,-0.0973411500453949,-0.04760837182402611,0.011395647190511227,0.07256675511598587,0.13596493005752563
0.0,0.0,0.0,0.029097367078065872,0.05892053246498108,-0.20385845005512238,-0.321781188249588,-0.17058849334716797,-0.20378348231315613,-0.21247808635234833,-0.1974242478609085,-0.1869393140077591,-0.18399125337600708,-0.1850321888923645,-0.18820351362228394,-0.1756778061389923,-0.1446307748556137,-0.13705505430698395,-0.1301400065422058,-0.11897006630897522,-0.08257356286048889,-0.021957887336611748,-0.02918257750570774,-0.03746918588876724,-0.04617337882518768,-0.04868749901652336,-0.036181122064590454,-0.01362311840057373,0.002448397921398282,0.014460643753409386,0.028723621740937233,0.03356865420937538,0.02548890747129917,0.0047396025620400906,-0.008608088828623295,-0.03239944949746132,-0.039169445633888245,-0.021926268935203552,-0.0038900093641132116,-0.008521832525730133,-0.03649716079235077,-0.06902925670146942,-0.0921202301979065,-0.10022095590829849,-0.08385571837425232,-0.051335204392671585,-0.007695949636399746,0.03764106333255768,0.0724496990442276
0.0,0.0,0.0,0.08977149426937103,-0.10338244587182999,-0.460620641708374,-0.2976130247116089,-0.183383971452713,-0.2059749811887741,-0.17569252848625183,-0.14672081172466278,-0.13397853076457977,-0.1330992877483368,-0.16452625393867493,-0.19030137360095978,-0.2257777899503708,-0.21206815540790558,-0.20692862570285797,-0.18542872369289398,-0.14053615927696228,-0.07338854670524597,-0.04630088061094284,-0.0375271737575531,-0.028367212042212486,-0.028729146346449852,-0.01791846752166748,-0.0037632938474416733,0.008117187768220901,0.033989135175943375,0.0501878596842289,0.0564691498875618,0.04783815145492554,0.03562799096107483,0.024123867973685265,0.006438706535845995,-0.0005663844640366733,-0.02229960821568966,-0.01522386260330677,0.01764097437262535,0.033026859164237976,0.00980727281421423,-0.021652814000844955,-0.051563575863838196,-0.06722377240657806,-0.06854832917451859,-0.050263602286577225,-0.024029240012168884,0.002123439684510231,0.010378108359873295
0.0,0.0,0.003011056687682867,-0.07724626362323761,-0.38208845257759094,-0.37350037693977356,-0.1954505294561386,-0.18036913871765137,-0.1620447337627411,-0.12425385415554047,-0.10866707563400269,-0.10422702133655548,-0.09866093099117279,-0.11869511753320694,-0.16643549501895905,-0.20003192126750946,-0.23760060966014862,-0.22948229312896729,-0.19156312942504883,-0.12883974611759186,-0.0631355345249176,-0.036398887634277344,-0.024853285402059555,-0.013031740672886372,-0.008013246580958366,0.007909052073955536,0.027325689792633057,0.05023495852947235,0.06301505863666534,0.06947685033082962,0.07186157256364822,0.059721529483795166,0.04240367189049721,0.026048505678772926,0.018283896148204803,0.013810036703944206,0.01719941385090351,0.018721573054790497,0.0323198102414608,0.04500078409910202,0.033968258649110794,0.011238408274948597,-0.015103776939213276,-0.03656812012195587,-0.049392782151699066,-0.045831404626369476,-0.04033555090427399,-0.035310011357069016,-0.03403782099485397
0.0,0.0,0.004806578159332275,-0.2520636022090912,-0.35930243134498596,-0.20836284756660461,-0.1436387598514557,-0.14766089618206024,-0.11457612365484238,-0.09254755079746246,-0.08624923229217529,-0.08438429981470108,-0.07947482168674469,-0.08395975083112717,-0.11645648628473282,-0.17469143867492676,-0.17686651647090912,-0.17916326224803925,-0.1467311829328537,-0.08440498262643814,-0.05527681112289429,-0.05356951802968979,-0.04114910587668419,-0.013061248697340488,0.015740474686026573,0.03168966621160507,0.05583956465125084,0.07144003361463547,0.07356327772140503,0.0684640109539032,0.07899592816829681,0.07871612906455994,0.056884441524744034,0.03494764119386673,0.025666745379567146,0.015469178557395935,0.02490370348095894,0.04365089535713196,0.06319276243448257,0.055009450763463974,0.04974772408604622,0.038796037435531616,0.01807105354964733,-0.013308881781995296,-0.02850513719022274,-0.04007451608777046,-0.045565277338027954,-0.053036633878946304,-0.05798814445734024
0.0,0.0,-0.0065818242728710175,-0.2376711517572403,-0.20012648403644562,-0.1298232525587082,-0.122865229845047,-0.11251964420080185,-0.08345639705657959,-0.07160929590463638,-0.06826617568731308,-0.0698280856013298,-0.07181143760681152,-0.07441738992929459,-0.08558874577283859,-0.11797405034303665,-0.15162667632102966,-0.14562560617923737,-0.1144607663154602,-0.09391933679580688,-0.07566415518522263,-0.06023212894797325,-0.03856554254889488,-0.0008719022735022008,0.033462975174188614,0.04855387657880783,0.057356979697942734,0.04225107654929161,0.061376020312309265,0.09217970073223114,0.1343403309583664,0.14262163639068604,0.1018311157822609,0.060374435037374496,0.04189309850335121,0.03724997863173485,0.04404963552951813,0.05170455947518349,0.056439634412527084,0.06728847324848175,0.06942611187696457,0.0632660835981369,0.046774722635746,0.01745598390698433,-0.013643646612763405,-0.02922331728041172,-0.03986634686589241,-0.04772322624921799,-0.04850379005074501
0.0,0.000496273918543011,0.02394072897732258,-0.14053454995155334,-0.08106006681919098,-0.08060678839683533,-0.109822578728199,-0.08920637518167496,-0.06585583835840225,-0.05315899848937988,-0.05569922551512718,-0.061409834772348404,-0.06848524510860443,-0.07572139799594879,-0.07725304365158081,-0.08530882000923157,-0.1026056781411171,-0.10552993416786194,-0.08334504067897797,-0.059299491345882416,-0.0384993702173233,-0.017577454447746277,-0.002951529808342457,0.02674099989235401,0.05749259516596794,0.04234731197357178,-0.01365180965512991,0.02041785605251789,0.08351422101259232,0.13608726859092712,0.2223948836326599,0.24679282307624817,0.17415785789489746,0.1055087223649025,0.07290849089622498,0.0736205130815506,0.09195718914270401,0.09771841019392014,0.07753033936023712,0.06486184895038605,0.07766024768352509,0.08516010642051697,0.07476744800806046,0.05448991432785988,0.017438797280192375,-0.012808064930140972,-0.02866874262690544,-0.025739125907421112,-0.0323672890663147
0.0,0.030545487999916077,-0.05037597194314003,-0.0443280003964901,0.0434398278594017,-0.0006734136259183288,-0.08964823186397552,-0.06941636651754379,-0.05116596445441246,-0.062258969992399216,-0.07597765326499939,-0.07267238199710846,-0.06809701025485992,-0.075274258852005,-0.07338470965623856,-0.06558702886104584,-0.06438754498958588,-0.06301549077033997,-0.05372071638703346,-0.04587870091199875,-0.03294363617897034,-0.008108624257147312,0.01638222299516201,0.024564621970057487,0.02514251135289669,-0.02417239546775818,-0.02529946155846119,0.04101375490427017,0.10308918356895447,0.16464002430438995,0.21193993091583252,0.23955872654914856,0.20433688163757324,0.14034445583820343,0.1118067055940628,0.11363895237445831,0.13353745639324188,0.1399340182542801,0.12663348019123077,0.10676182806491852,0.08932800590991974,0.08220658451318741,0.0904805064201355,0.09371551871299744,0.06996174156665802,0.03109612502157688,0.006011003162711859,-0.0054015195928514,-0.004270100966095924
0.007971641607582569,0.015271369367837906,-0.10725504159927368,0.0474155992269516,0.10796625912189484,0.043036703020334244,-0.05718002840876579,-0.04515747353434563,-0.04997501149773598,-0.08048161119222641,-0.09725829213857651,-0.09684035181999207,-0.08945310115814209,-0.07243891060352325,-0.06056417152285576,-0.05159491300582886,-0.04537279158830643,-0.04183407127857208,-0.0321250818669796,-0.02081536501646042,-0.009951328858733177,0.016175290569663048,0.04846300557255745,0.04352986067533493,0.004774320404976606,-0.04274577274918556,0.01637362129986286,0.07627692818641663,0.09579890966415405,0.09406186640262604,0.0798160508275032,0.088847815990448,0.11864332109689713,0.1334289312362671,0.12754684686660767,0.13852693140506744,0.1432839334011078,0.14286480844020844,0.15843923389911652,0.17016887664794922,0.1640314757823944,0.13759662210941315,0.10611333698034286,0.10319197177886963,0.11192896217107773,0.08945596218109131,0.05149855464696884,0.028079364448785782,0.023008830845355988
0.0,0.0,0.05756920948624611,0.0992487296462059,0.0698522999882698,-0.0030884738080203533,-0.01687021180987358,-0.019947297871112823,-0.04434198513627052,-0.07073238492012024,-0.0802936777472496,-0.08098558336496353,-0.0749836191534996,-0.07669250667095184,-0.07346440851688385,-0.05839912220835686,-0.03963562473654747,-0.024161912500858307,-0.01066699530929327,0.00010839768219739199,0.013826621696352959,0.048367977142333984,0.07623426616191864,0.06511488556861877,0.03106420487165451,0.0265552569180727,0.062477849423885345,0.09470601379871368,0.02858874760568142,-0.015826446935534477,-0.03034372068941593,-0.03738957270979881,0.04329327121376991,0.1264100819826126,0.13856224715709686,0.120986208319664,0.10225823521614075,0.0742763802409172,0.15742379426956177,0.2586826682090759,0.30444803833961487,0.2699430286884308,0.18554531037807465,0.1336163580417633,0.11460071802139282,0.1080634742975235,0.0925995409488678,0.06460040807723999,0.03691595047712326
0.0,0.0,0.11958356946706772,0.142955020070076,0.02017148956656456,-0.03159789368510246,0.02336103841662407,0.008350321091711521,-0.022829024121165276,-0.04645431041717529,-0.05855643376708031,-0.06125400960445404,-0.04072295129299164,-0.012582564726471901,-0.005745839327573776,-0.013317061588168144,-0.01274783257395029,-0.01042758859694004,-0.014816916547715664,-0.005112145096063614,0.020974934101104736,0.009546383284032345,-0.03201674669981003,-0.006329503376036882,0.02489565499126911,0.10087688267230988,0.13399682939052582,0.12916812300682068,0.06359389424324036,-0.04677740857005119,-0.07546864449977875,-0.04792217165231705,0.022485144436359406,0.08192683756351471,0.07441548258066177,0.031834494322538376,-0.034210190176963806,-0.023812444880604744,0.08280714601278305,0.1685260683298111,0.2847258150577545,0.322270929813385,0.26019927859306335,0.19572116434574127,0.15661118924617767,0.12739622592926025,0.09983593970537186,0.08652015775442123,0.07532572001218796
0.0,0.0,0.0,0.1702423095703125,0.029071271419525146,0.0110465157777071,0.059612028300762177,0.04051567614078522,0.012674384750425816,-0.007288798689842224,-0.019794275984168053,-0.02719898149371147,-0.026730773970484734,-0.0061762952245771885,0.013951891101896763,0.025336015969514847,0.014415108598768711,0.010667302645742893,0.01215676311403513,0.04206480830907822,0.07294802367687225,0.0448276549577713,-0.026716478168964386,-0.020930534228682518,0.09386269003152847,0.23788823187351227,0.2743658125400543,0.2599498927593231,0.2981257140636444,0.23080261051654816,0.005893946625292301,-0.0747532770037651,-0.09346767514944077,-0.09092758595943451,-0.019890042021870613,0.016016406938433647,0.015330877155065536,0.069955974817276,0.0419190414249897,0.03682937100529671,0.07502817362546921,0.1045689582824707,0.16185742616653442,0.23424090445041656,0.2297229766845703,0.1760707050561905,0.1197759211063385,0.09661578387022018,0.09549438953399658
0.0,0.0,0.0,0.03274603560566902,0.05330547317862511,0.06210091710090637,0.09601341187953949,0.08211715519428253,0.05771902948617935,0.03863583877682686,0.026046045124530792,0.011606120504438877,0.01494030375033617,0.010122609324753284,0.013113760389387608,0.04054141417145729,0.07527034729719162,0.0888138860464096,0.10207071155309677,0.11641695350408554,0.12031033635139465,0.09902024269104004,0.14925648272037506,0.26751765608787537,0.4260265529155731,0.505840003490448,0.4124235212802887,0.2268303781747818,0.0,0.0,0.0,0.0,0.0,0.014567209407687187,0.0,0.04244103655219078,0.0,0.003986368887126446,-0.024557873606681824,-0.09145841002464294,-0.20653584599494934,-0.18591168522834778,0.01708683744072914,0.2289382964372635,0.305648535490036,0.24162082374095917,0.15159517526626587,0.1123664528131485,0.11148521304130554
0.0,0.0,0.0,-0.03337254747748375,0.07270891219377518,0.11760957539081573,0.1635633111000061,0.16265258193016052,0.12865273654460907,0.0962391346693039,0.07537347823381424,0.048344776034355164,0.05199144035577774,0.06721470504999161,0.047405119985342026,0.04525177925825119,0.0683666318655014,0.12899085879325867,0.1757006198167801,0.18217113614082336,0.18521876633167267,0.209896057844162,0.27484560012817383,0.4267389178276062,0.3408036231994629,0.1948140561580658,0.06182234361767769,0.0,0.0,0.0,0.0,0.0,0.0,0.0,0.0,0.0,0.0,0.015968970954418182,-0.05234389752149582,-0.10007107257843018,-0.17814715206623077,-0.11075939983129501,-0.14426077902317047,0.06618108600378036,0.20119637250900269,0.2402496039867401,0.17899703979492188,0.15165941417217255,0.14572565257549286
0.0,0.0,0.0,0.049820732325315475,0.12471646815538406,0.18185044825077057,0.27259787917137146,0.2858920395374298,0.2261992245912552,0.1786205917596817,0.1578194946050644,0.1231408342719078,0.07520570605993271,0.11089757829904556,0.11933194100856781,0.08511290699243546,0.07755687087774277,0.1107313483953476,0.16789010167121887,0.19460205733776093,0.22097961604595184,0.31543880701065063,0.4264179468154907,0.14203482866287231,0.0,0.0,0.0,0.0,0.0,0.0,0.0,0.0,0.0,0.0,0.0,0.0,0.0,0.0,0.0,-0.03632155805826187,0.06409728527069092,0.0,-0.014097388833761215,-0.0981445461511612,-0.050289034843444824,0.03355148807168007,0.12585346400737762,0.16605044901371002,0.18065135180950165
