currents_20100912.json
{"header": {"parameterCategory":2,"parameterNumber":2,"nx":74,"ny":54,"lo1":22.5,"la1":41.2,"lo2":27.0,"la2":38.2,"dx":0.06164383561643835,"dy":0.05660377358490566,"refTime":"2010-09-12T12:00:00"}, "data":
[rows 0 to 20 of 54, columns 0 to 46 of 74]
0.0,0.0,0.0,0.0,0.0,0.0,0.0,0.0,0.0,0.0,0.0,0.0,0.0,0.0,0.0,0.0,0.0,0.0,0.0,0.0,0.0,0.0,0.0,0.0,0.0,0.0,0.0,0.0,0.0,0.0,0.0,0.0,0.0,0.0,0.0,0.0,0.0,0.0,0.0,0.0,0.0,0.0,0.0,0.0,0.0,0.0,0.0
0.0,0.0,0.0,0.0,0.0,0.0,0.0,0.0,0.0,0.0,0.0,0.0,0.0,0.0,0.0,0.0,0.0,0.0,0.0,0.0,0.0,0.0,0.0,0.0,0.0,0.0,0.0,0.0,0.0,0.0,0.0,0.0,0.0,0.0,0.0,0.0,0.0,0.0,0.0,0.0,0.0,0.0,0.0,0.0,0.0,0.0,0.0
0.0,0.0,0.0,0.0,0.0,0.0,0.0,0.0,0.0,0.0,0.0,0.0,0.0,0.0,0.0,0.0,0.0,0.0,0.0,0.0,0.0,0.0,0.0,0.0,0.0,0.0,0.0,0.0,0.0,0.0,0.0,0.0,0.0,0.0,0.0,0.0,0.0,0.0,0.0,0.0,0.0,0.0,0.0,0.0,0.0,0.0,0.0
0.0,0.0,0.0,0.0,0.0,0.0,0.0,0.0,0.0,0.0,0.0,0.0,0.0,0.0,0.0,0.0,0.0,0.0,0.0,0.0,0.0,0.0,0.0,0.0,0.0,0.0,0.0,0.0,0.0,0.0,0.0,0.0,-0.0010821408359333873,0.0,0.0,0.0,0.0,0.0,0.0,0.0,0.0,-0.0007825659704394639,-0.0007825659704394639,-0.0007825659704394639,0.0,0.0,0.0
0.0,0.0,0.0,0.0,0.0,0.0,0.0,0.0,0.0,0.0,0.0,0.0,0.0,0.0,0.0,0.0,0.0,0.0,0.0,0.0,0.0,0.0,0.0,0.0,0.0,0.0,0.0,0.0,0.0,0.0,0.0,0.0,-0.014471392147243023,-0.013557336293160915,0.0,0.0,0.0,0.0,0.0,0.0,0.0,-0.0033620772883296013,-0.014871031977236271,-0.007434462662786245,0.0,0.0,0.0
0.0,0.0,0.0,0.0,0.0,0.0,0.0,0.0,0.0,0.0,0.0,0.0,0.0,0.0,0.0,0.0,0.0,0.0,0.0,0.0,0.0,0.0,0.0,0.0,0.0,0.0,0.0,0.0,0.0,0.0,0.0,-0.021010491997003555,-0.028252746909856796,-0.0070137991569936275,0.015657106414437294,0.0,0.0,0.0,-0.016308190301060677,-0.014559561386704445,0.024679534137248993,0.021317457780241966,0.023207232356071472,0.03302488848567009,0.03720782324671745,0.037080369889736176,0.02597702294588089
0.0,0.0,0.0,0.0,0.0,0.0,0.0,0.0,0.0,0.0,0.0,0.0,0.0,0.0,0.0,0.0,0.0,0.0,0.0,0.0,0.0,0.0,0.0,0.0,0.0,0.0,0.0,0.0,-0.0010116943158209324,-0.019711337983608246,-0.0596962571144104,-0.035733286291360855,-0.006756500340998173,0.018462391570210457,0.03735402226448059,0.0069412183947861195,0.0,-0.002261418616399169,-0.03783150389790535,-0.000804673763923347,0.03983117640018463,0.07661349326372147,0.10403955727815628,0.10944342613220215,0.10747523605823517,0.09852997958660126,0.06656589359045029
0.0,0.0,0.0,0.0,0.0,0.0,0.0,0.0,0.0,0.0,0.0,0.0,0.0,0.0,0.0,0.0,0.0,0.0,0.0,0.0,0.0,0.0,0.0,0.0,0.0,0.0,0.0,0.0,-0.007316510193049908,-0.025919612497091293,-0.01968175545334816,0.02078130841255188,0.035751137882471085,0.03828077018260956,-0.0016905298689380288,-0.004601018037647009,0.004279454704374075,0.021269619464874268,0.029769817367196083,0.07394044101238251,0.11649595946073532,0.1557016521692276,0.17891140282154083,0.18587811291217804,0.18534183502197266,0.17849409580230713,0.15815752744674683
0.0,0.0,0.0,0.0,0.0,0.0,0.0,0.0,0.0,0.0,0.0,0.0,0.0,0.0,0.0,0.0,0.0,0.0,0.0,0.0,0.002768509788438678,-0.013599267229437828,-0.019565211609005928,-0.04695656895637512,-0.06035614013671875,-0.06035614013671875,-0.029347438365221024,-0.014215602539479733,0.017695067450404167,0.01354200579226017,0.031013891100883484,0.05791351571679115,0.016183167695999146,0.016655953601002693,-0.008562562987208366,-0.004601018037647009,0.009090788662433624,0.018659263849258423,0.04343840479850769,0.08160616457462311,0.1109769195318222,0.14970093965530396,0.16704745590686798,0.17809849977493286,0.17813192307949066,0.18412041664123535,0.17586372792720795
0.0,0.0,0.0,0.0,0.0,0.0,0.0,0.0,0.0,0.0,0.0,0.0,0.0,0.0,0.0,0.0,0.0,0.0,0.0,0.0,0.023049337789416313,0.006681561004370451,-0.025888675823807716,-0.09699112921953201,-0.10985863208770752,-0.10915558785200119,-0.05685286596417427,-0.010195121169090271,0.02490798383951187,0.05639681965112686,0.0704251155257225,0.0592571422457695,0.01218624971807003,-0.018202390521764755,-0.00038470496656373143,0.0,0.0,-0.002508544595912099,0.025001714006066322,0.05355279892683029,0.07519902288913727,0.08687220513820648,0.09842494130134583,0.11197467893362045,0.12206315249204636,0.13184845447540283,0.13741165399551392
0.0,0.0,0.0,0.0,0.0,0.0,0.0,0.0,0.0,0.0,0.0,0.0,0.0,0.0,0.0,0.0,0.0,0.0,0.0,0.0,0.0,-0.00048765927203930914,0.04238558188080788,0.0869646742939949,0.03741252422332764,-0.0156111354008317,-0.017274299636483192,0.02916087955236435,0.05005645751953125,0.06739003211259842,0.03455178812146187,0.0197270680218935,0.011815307661890984,0.022328846156597137,-0.00038470496656373143,0.0,0.0,-0.010508284904062748,-0.035384517163038254,-0.026296386495232582,-0.008647463284432888,0.0020340902265161276,0.0076294029131531715,0.011209812946617603,0.016863303259015083,0.028486385941505432,0.03640216216444969
0.0,0.0,0.0,0.0,0.0,-3.160733467666432e-05,0.0019336281111463904,0.006363024935126305,0.0033571477979421616,0.0,0.0,0.0,0.0,0.0,0.0,0.0,0.0,0.0,0.0,0.0,0.0,0.0,0.03710247576236725,0.06776626408100128,0.05269156023859978,-0.0003321001131553203,-0.03504893556237221,-0.022822735831141472,-0.00225121364928782,-0.008143898099660873,-0.03560167923569679,-0.05736400932073593,-0.08231759071350098,-0.07180404663085938,-0.08772139251232147,-0.09934845566749573,-0.09934845566749573,-0.10130884498357773,-0.12966938316822052,-0.15566502511501312,-0.14534708857536316,-0.14270874857902527,-0.11692401021718979,-0.10227812081575394,-0.10514941811561584,-0.09418410062789917,-0.09018519520759583
0.0,0.0,0.0,-0.007580598350614309,-0.007580598350614309,-0.0032991126645356417,-0.0013338773278519511,0.0114538399502635,0.0033571477979421616,0.0,0.0,0.0,0.0,0.0,0.0,0.0,0.0,0.0,0.0,0.0,0.0,0.0,0.0010021511698141694,0.0014095315709710121,0.00805763341486454,-0.012592251412570477,-0.05811499431729317,-0.07404661178588867,-0.09548691660165787,-0.09214507788419724,-0.10459350049495697,-0.13867172598838806,-0.1661665290594101,-0.18869943916797638,-0.1915515810251236,-0.20935916900634766,-0.20616434514522552,-0.2040385752916336,-0.2246396839618683,-0.2646670937538147,-0.3171103596687317,-0.3185242712497711,-0.2719310224056244,-0.25325748324394226,-0.23475418984889984,-0.20364980399608612,-0.20117808878421783
0.0,0.0,-0.007181268651038408,-0.04169467091560364,-0.07398667931556702,-0.03045015223324299,0.0022906691301614046,0.0022906691301614046,0.0022906691301614046,0.0,0.0,0.0,0.0,0.0,0.0,0.0,0.0,0.0,0.0,0.0,0.0,0.0,0.0010021511698141694,0.007752680219709873,0.04919489473104477,0.038278721272945404,-0.03960222005844116,-0.1220950037240982,-0.13986986875534058,-0.12462669610977173,-0.115596704185009,-0.13775348663330078,-0.1711404025554657,-0.20275267958641052,-0.21633708477020264,-0.22164660692214966,-0.21942634880542755,-0.22243282198905945,-0.25108641386032104,-0.3270253539085388,-0.4340687692165375,-0.5008572340011597,-0.5049716830253601,-0.44605469703674316,-0.38362017273902893,-0.2944946587085724,-0.20911599695682526
0.0,0.0,-0.0049670846201479435,-0.03545191511511803,-0.05525689572095871,-0.00311693805269897,0.002999098738655448,0.007790763396769762,0.0,0.0,0.0,0.0,0.0,0.0,0.0,0.0,0.0,0.0,0.0,0.0,0.0,0.0,0.0,0.0031527134124189615,0.03922997787594795,0.04829763248562813,-0.005939603317528963,-0.06764986366033554,-0.08919651806354523,-0.1355302780866623,-0.10858620703220367,-0.1201641634106636,-0.1405891478061676,-0.17437493801116943,-0.1931803822517395,-0.18915826082229614,-0.1800747960805893,-0.1721954345703125,-0.20396097004413605,-0.2702421247959137,-0.37728556990623474,-0.4565053880214691,-0.5132062435150146,-0.5592113137245178,-0.47571513056755066,-0.4739142656326294,-0.40661752223968506
0.0,0.0,-0.0049670846201479435,-0.014826348051428795,-0.007661683484911919,-0.001428380492143333,0.00811025034636259,0.02112548053264618,0.009553441777825356,0.0005392378661781549,0.0,0.0,0.0,0.0,0.0,0.0,0.0,0.0,0.0,0.0,-0.002295641927048564,-0.0019622324034571648,-0.0019622324034571648,-0.0014181684236973524,0.0006517196889035404,0.009719375520944595,0.024195104837417603,-0.011308625340461731,-0.06352543830871582,-0.12451916933059692,-0.09208701550960541,-0.08571239560842514,-0.1022195890545845,-0.12905099987983704,-0.15596559643745422,-0.15616156160831451,-0.13705658912658691,-0.12842941284179688,-0.14757497608661652,-0.18774791061878204,-0.25295278429985046,-0.3488236963748932,-0.4368089735507965,-0.5020197629928589,-0.5516303181648254,-0.5671067833900452,-0.5204378366470337
0.0,0.0,-0.004445248283445835,-0.012864857912063599,0.007337160408496857,0.02120226062834263,0.03430468961596489,0.041504867374897,0.02168061025440693,0.007689208723604679,0.0018215979216620326,0.0,0.0,0.0,0.0,0.0,0.0,0.0,0.0,0.0,-0.007639757823199034,-0.009911284781992435,-0.009027068503201008,0.0018698083003982902,0.0033878942485898733,0.00863263476639986,0.014545600861310959,0.004509319551289082,-0.0035730698145926,-0.037774477154016495,-0.07001552730798721,-0.05050083249807358,-0.060426026582717896,-0.08510561287403107,-0.12452223151922226,-0.16984008252620697,-0.16692137718200684,-0.15613146126270294,-0.10606792569160461,-0.11391045898199081,-0.1471826583147049,-0.20317883789539337,-0.24543927609920502,-0.3025248348712921,-0.3545190989971161,-0.3828585743904114,-0.3485915958881378
0.0,0.0,-0.00519572151824832,-0.014739617705345154,-0.005336440168321133,0.012162810191512108,0.023877322673797607,0.03845557942986488,0.03195026144385338,0.030382927507162094,0.02268739975988865,-0.004995779599994421,-0.004031370859593153,-0.004031370859593153,0.0010539233917370439,0.0030430492479354143,-0.011170164681971073,-0.011170164681971073,-0.013579364866018295,-0.0027762867975980043,-0.0009817166719585657,-0.0048604486510157585,-0.0103667713701725,0.012690828181803226,0.009404481388628483,0.012133483774960041,0.015304243192076683,0.0068198698572814465,0.0041847629472613335,0.0,-0.02912130393087864,-0.013432732783257961,-0.030632590875029564,-0.05862191319465637,-0.09449175000190735,-0.18794876337051392,-0.2592090964317322,-0.23629212379455566,-0.16859370470046997,-0.1471005529165268,-0.13122108578681946,-0.11399197578430176,-0.1253511756658554,-0.14076729118824005,-0.20184114575386047,-0.23983170092105865,-0.29779526591300964
0.0,0.0,-0.00519572151824832,-0.015333053655922413,-0.013981260359287262,-0.0016777629498392344,0.01014665700495243,0.027794508263468742,0.043480657041072845,0.04191332310438156,0.0437268428504467,0.0050637065432965755,0.006776898633688688,-0.004053874872624874,0.0010539233917370439,0.004302211571484804,-0.0026423537638038397,-0.016427885740995407,-0.015348317101597786,-0.0036399883683770895,-0.007357712835073471,-0.0026230679359287024,-0.009864098392426968,0.01813923381268978,0.012173929251730442,-0.0006953340489417315,0.002802362199872732,-0.0023642375599592924,-0.008510056883096695,-0.012694820761680603,-0.03726716712117195,-0.04237142205238342,-0.0595712810754776,-0.032091137021780014,-0.06656858325004578,-0.17559491097927094,-0.26073798537254333,-0.2994145452976227,-0.2514117956161499,-0.18737848103046417,-0.1408378928899765,-0.0973082184791565,-0.07908575981855392,-0.07979989051818848,-0.10537174344062805,-0.14584356546401978,-0.2740834951400757
0.0,0.0,-0.003627176396548748,-0.010455658659338951,-0.015360407531261444,-0.010750433430075645,-0.002751682884991169,0.011112811975181103,0.027051115408539772,0.0398729108273983,0.052128683775663376,0.051494624465703964,0.03271060064435005,0.011932050809264183,0.0005247642984613776,0.0005247642984613776,0.013969121500849724,0.008362695574760437,-0.0011291704140603542,-0.025712234899401665,-0.01209342386573553,0.0,0.0022125414106994867,0.0022125414106994867,-0.011376517824828625,-0.030156070366501808,-0.0441238135099411,-0.043434858322143555,-0.04764251783490181,-0.07040488719940186,-0.14513644576072693,-0.1836852729320526,-0.15020550787448883,-0.08175929635763168,-0.04244248569011688,-0.08672028034925461,-0.18015630543231964,-0.26956185698509216,-0.35623446106910706,-0.3016950190067291,-0.2289874404668808,-0.15247227251529694,-0.1224798932671547,-0.09996280074119568,-0.08150269091129303,-0.0694117397069931,-0.17005272209644318
0.0,0.0,0.0004603064153343439,-0.004202832002192736,-0.01722760871052742,-0.015492658130824566,-0.015670275315642357,-0.009748146869242191,0.0025231721810996532,0.015512918122112751,0.024507490918040276,0.028373032808303833,0.013897177763283253,0.0014172475785017014,0.01875070482492447,0.0,0.0016892990097403526,0.0004302859306335449,0.026262396946549416,-0.0005217650323174894,-0.004433958325535059,-0.028370769694447517,0.0,0.0,-0.010647280141711235,-0.13358807563781738,-0.25359901785850525,-0.34976425766944885,-0.4213449954986572,-0.4584396481513977,-0.4328872859477997,-0.35713765025138855,-0.30858731269836426,-0.23898494243621826,-0.1470222920179367,-0.07977546006441116,-0.16386619210243225,-0.14158174395561218,-0.16131506860256195,-0.1241147592663765,-0.11006534099578857,-0.052533071488142014,-0.026901019737124443,-0.022560637444257736,-0.029154833406209946,-0.10172880440950394,-0.13724233210086823
