currents_20100912.json
{"header": {"parameterCategory":2,"parameterNumber":3,"nx":74,"ny":54,"lo1":22.5,"la1":41.2,"lo2":27.0,"la2":38.2,"dx":0.06164383561643835,"dy":0.05660377358490566,"refTime":"2010-09-12T12:00:00"}, "data":
[rows 0 to 20 of 54, columns 0 to 46 of 74]
0.0,0.0,0.0,0.0,0.0,0.0,0.0,0.0,0.0,0.0,0.0,0.0,0.0,0.0,0.0,0.0,0.0,0.0,0.0,0.0,0.0,0.0,0.0,0.0,0.0,0.0,0.0,0.0,0.0,0.0,0.0,0.0,0.0,0.0,0.0,0.0,0.0,0.0,0.0,0.0,0.0,0.0,0.0,0.0,0.0,0.0,0.0
0.0,0.0,0.0,0.0,0.0,0.0,0.0,0.0,0.0,0.0,0.0,0.0,0.0,0.0,0.0,0.0,0.0,0.0,0.0,0.0,0.0,0.0,0.0,0.0,0.0,0.0,0.0,0.0,0.0,0.0,0.0,0.0,0.0,0.0,0.0,0.0,0.0,0.0,0.0,0.0,0.0,0.0,0.0,0.0,0.0,0.0,0.0
0.0,0.0,0.0,0.0,0.0,0.0,0.0,0.0,0.0,0.0,0.0,0.0,0.0,0.0,0.0,0.0,0.0,0.0,0.0,0.0,0.0,0.0,0.0,0.0,0.0,0.0,0.0,0.0,0.0,0.0,0.0,0.0,0.0,0.0,0.0,0.0,0.0,0.0,0.0,0.0,0.0,0.0,0.0,0.0,0.0,0.0,0.0
0.0,0.0,0.0,0.0,0.0,0.0,0.0,0.0,0.0,0.0,0.0,0.0,0.0,0.0,0.0,0.0,0.0,0.0,0.0,0.0,0.0,0.0,0.0,0.0,0.0,0.0,0.0,0.0,0.0,0.0,0.0,0.0,0.0,0.0,0.0,0.0,0.0,0.0,0.0,0.0,0.0,0.0,-0.0002614505938254297,-0.00024529770598746836,0.0,0.0,0.0
0.0,0.0,0.0,0.0,0.0,0.0,0.0,0.0,0.0,0.0,0.0,0.0,0.0,0.0,0.0,0.0,0.0,0.0,0.0,0.0,0.0,0.0,0.0,0.0,0.0,0.0,0.0,0.0,0.0,0.0,0.0,0.0,0.0,0.0,0.0,0.0,0.0,0.0,0.0,0.0,0.0,-0.00027170919929631054,-0.0011302754282951355,-0.00024529770598746836,0.0,0.0,0.0
0.0,0.0,0.0,0.0,0.0,0.0,0.0,0.0,0.0,0.0,0.0,0.0,0.0,0.0,0.0,0.0,0.0,0.0,0.0,0.0,0.0,0.0,0.0,0.0,0.0,0.0,0.0,0.0,0.0,0.0,0.0,-0.03141683712601662,0.027159562334418297,0.027159562334418297,-0.019468236714601517,0.0,0.0,0.0,0.0,-0.005955470725893974,-0.005413718055933714,0.0006504092016257346,0.0032507875002920628,-0.00480230525135994,-0.021438071504235268,-0.015009249560534954,-0.008418220095336437
0.0,0.0,0.0,0.0,0.0,0.0,0.0,0.0,0.0,0.0,0.0,0.0,0.0,0.0,0.0,0.0,0.0,0.0,0.0,0.0,0.0,0.0,0.0,0.0,0.0,0.0,0.0,0.0,0.0,0.0,0.0021710980217903852,-0.036298852413892746,0.02683890238404274,0.024355508387088776,-0.03552917391061783,-0.0051754848100245,0.0,-0.015564899891614914,-0.0006244633113965392,-0.001928525511175394,-0.001260450342670083,-0.002046579262241721,0.006857705768197775,-0.011537441983819008,-0.03672770783305168,-0.04376525431871414,-0.0363282784819603
0.0,0.0,0.0,0.0,0.0,0.0,0.0,0.0,0.0,0.0,0.0,0.0,0.0,0.0,0.0,0.0,0.0,0.0,0.0,0.0,0.0,0.0,0.0,0.0,0.0,0.0,0.0,0.0,0.0,-0.02800438553094864,-0.04876748472452164,0.02792786993086338,0.07768309116363525,0.06299564987421036,-0.0014850144507363439,-0.003623549360781908,-0.03545418754220009,-0.04868657886981964,-0.019698860123753548,0.021983595564961433,0.03253692016005516,0.029359638690948486,0.01108544785529375,-0.026467984542250633,-0.061883676797151566,-0.08555293083190918,-0.09795846790075302
0.0,0.0,0.0,0.0,0.0,0.0,0.0,0.0,0.0,0.0,0.0,0.0,0.0,0.0,0.0,0.0,0.0,0.0,0.0,-0.003091462654992938,-0.033883001655340195,-0.033528126776218414,-0.02114170603454113,-0.00783386081457138,0.0024359608069062233,0.001715865102596581,0.0,-0.001279003219678998,-0.012223700992763042,-0.04141359403729439,-0.019994346424937248,0.043914735317230225,0.07148649543523788,0.04853764921426773,0.0007189281168393791,0.0,-0.02567278780043125,-0.004257540684193373,0.029737552627921104,0.062114596366882324,0.07142866402864456,0.050986479967832565,0.022758791223168373,-0.018817178905010223,-0.06189960986375809,-0.1072162389755249,-0.12781377136707306
0.0,0.0,0.0,0.0,0.0,0.0,0.0,0.0,0.0,0.0,0.0,0.0,0.0,0.0,0.0,0.0,0.0,0.0,0.0,-0.003091462654992938,-0.040623247623443604,-0.08719927817583084,-0.0748128592967987,-0.03291729465126991,0.012861214578151703,0.0346749871969223,0.026064518839120865,0.026247279718518257,0.013477549888193607,-0.01324216928333044,0.008177077397704124,0.053483832627534866,0.003921641502529383,-0.01902720332145691,0.0,0.0,0.0,0.02141524665057659,0.0762711614370346,0.09741613268852234,0.09221529960632324,0.07177311927080154,0.03407981991767883,-0.0068453834392130375,-0.058311764150857925,-0.11039579659700394,-0.14098256826400757
0.0,0.0,0.0,0.0,0.0,0.0,0.0,0.0,0.0,0.0,0.0,0.0,0.0,0.0,0.0,0.0,0.0,0.0,0.0,-0.002306989161297679,-0.002306989161297679,-0.0924900621175766,-0.14405624568462372,-0.08515437692403793,0.0038959872908890247,0.06167493388056755,0.09197380393743515,0.09569428116083145,0.05077310651540756,0.014688263647258282,0.004725595936179161,0.03287521004676819,-0.048620786517858505,-0.05363485589623451,0.0,0.0,0.0,0.042375873774290085,0.11954927444458008,0.1231752261519432,0.10885633528232574,0.08078940212726593,0.04207168519496918,0.010909064672887325,-0.05127250403165817,-0.10792247205972672,-0.1368636190891266
0.0,0.0,0.0,0.0,0.0,-0.001277816016227007,-0.011368652805685997,-0.015972675755620003,-0.0020565453451126814,0.0,0.0,0.0,0.0,0.0,0.0,0.0,0.0,0.0,0.0,0.0,0.0,0.0,-0.06104711443185806,-0.03087950497865677,-0.0513172410428524,0.03971075639128685,0.10257960855960846,0.14262504875659943,0.039188772439956665,0.0024433801881968975,-0.021150480955839157,-0.007354499772191048,-0.0547909177839756,-0.06903746724128723,-0.038214150816202164,-0.02851167879998684,-0.022788047790527344,0.02218148298561573,0.10544482618570328,0.17054498195648193,0.14936447143554688,0.11030472069978714,0.0382988341152668,0.006356657948344946,-0.034134723246097565,-0.08709564059972763,-0.14549246430397034
0.0,0.0,-0.00299184862524271,-0.00299184862524271,-0.018799351528286934,-0.0007626780425198376,-0.011456784792244434,-0.01707431860268116,-0.0020565453451126814,0.0,0.0,0.0,0.0,0.0,0.0,0.0,0.0,0.0,0.0,0.0,0.0,0.0,0.0,-0.013943406753242016,-0.08513407409191132,0.005893921013921499,0.10944408178329468,0.16192537546157837,0.052881401032209396,-0.025680020451545715,-0.04927388206124306,-0.04670073091983795,-0.04179367795586586,-0.05604022741317749,-0.05933993309736252,-0.04773097485303879,-0.03982716426253319,-0.003470993833616376,0.07979235053062439,0.16807429492473602,0.18400949239730835,0.12780581414699554,0.04794636741280556,0.0018691123696044087,-0.038945626467466354,-0.08957023173570633,-0.1434178203344345
0.0,0.0,-0.004516323562711477,-0.021741241216659546,-0.06402824819087982,-0.019858915358781815,-7.832879055058584e-05,-7.832879055058584e-05,-7.832879055058584e-05,0.0,0.0,0.0,0.0,0.0,0.0,0.0,0.0,0.0,0.0,0.0,0.0,0.0,-0.011818292550742626,-0.04358334466814995,-0.048118770122528076,-0.01007136795669794,0.05863913148641586,0.14806625247001648,0.06613161414861679,-0.022526871412992477,-0.08840325474739075,-0.08937586843967438,-0.06748538464307785,-0.05360214039683342,-0.048588719218969345,-0.047645218670368195,-0.03011380322277546,0.004912952892482281,0.059755027294158936,0.1434246450662613,0.18476055562496185,0.1643896847963333,0.08199793845415115,0.00909203290939331,-0.04227316007018089,-0.08641814440488815,-0.12982740998268127
0.0,0.0,-0.013432768173515797,-0.040523629635572433,-0.04073897376656532,0.012252703309059143,0.013859943486750126,0.0,0.0,0.0,0.0,0.0,0.0,0.0,0.0,0.0,0.0,0.0,0.0,0.0,0.0,0.0,0.0,-0.01421795878559351,-0.016119876876473427,-0.039501089602708817,0.005895995069295168,0.05982242524623871,0.09862576425075531,0.006812874227762222,-0.08689450472593307,-0.12343799322843552,-0.1001443937420845,-0.0656551793217659,-0.04836302623152733,-0.03301483392715454,-0.0354231558740139,-0.021509476006031036,0.01706094853579998,0.0626629963517189,0.09901849925518036,0.08047885447740555,0.09249089658260345,0.05915527418255806,0.023434577509760857,-0.025898702442646027,-0.07687593996524811
0.0,0.0,-0.027530694380402565,-0.046427350491285324,-0.015511909499764442,0.026941385120153427,0.03561432659626007,0.0028710050974041224,-0.0022552672307938337,0.0,0.0,0.0,0.0,0.0,0.0,0.0,0.0,0.0,0.0,-0.0006059049628674984,-0.003928694874048233,-0.003928694874048233,-0.0007011678535491228,-0.019193697720766068,0.0026687609497457743,-0.02071245387196541,-0.03056502714753151,0.010276860557496548,0.0514812134206295,0.03075586073100567,-0.06295152008533478,-0.13711167871952057,-0.13562420010566711,-0.08187056332826614,-0.04574678838253021,-0.0029951974283903837,-0.026882342994213104,-0.024650219827890396,-0.03680913522839546,-0.011861425824463367,0.024494072422385216,0.05298801138997078,0.07592783868312836,0.08359450846910477,0.08505098521709442,0.061100639402866364,0.010222921147942543
0.0,0.0,-0.02463550865650177,-0.03698457404971123,0.01649533398449421,0.03874433413147926,0.03018883615732193,0.003506807144731283,-0.01037601474672556,-0.004890911281108856,-0.00027793680783361197,-0.00027793680783361197,-0.00027793680783361197,0.0,-0.00011959944822592661,-0.0010655408259481192,-0.0010655408259481192,-0.0010655408259481192,0.0,-0.00022345938486978412,-0.008402037434279919,-0.006423433311283588,-0.017127253115177155,-0.05459506809711456,-0.007256840355694294,0.004465807694941759,0.0006590636330656707,0.0001600986288394779,0.0,-0.00854402408003807,-0.046108607202768326,-0.15004153549671173,-0.1606290340423584,-0.11834384500980377,-0.034208670258522034,0.05477268248796463,0.006343329790979624,-0.04899740591645241,-0.08009883761405945,-0.06545516103506088,-0.045974865555763245,-0.019527805969119072,0.01579226553440094,0.055246997624635696,0.09056137502193451,0.11363686621189117,0.12418659776449203
0.0,0.0,-0.007479154970496893,-0.010788640938699245,0.03226158022880554,0.05126340314745903,0.03992908447980881,0.004052764270454645,-0.034541256725788116,-0.033154163509607315,-0.017948362976312637,-0.005735765676945448,0.00945520494133234,0.0017230353550985456,-0.0012314522173255682,-0.00509064132347703,-0.021989503875374794,-0.013081394135951996,0.0,0.0,-0.0008919762913137674,-0.007610817439854145,-0.021441003307700157,-0.034722063690423965,0.0031750178895890713,0.015200598165392876,0.013601057231426239,-0.03396650403738022,-7.613503839820623e-05,-0.005408464465290308,-0.037438780069351196,-0.1552167683839798,-0.18714779615402222,-0.16098713874816895,-0.06959003210067749,0.05073336511850357,0.02718542143702507,-0.029286127537488937,-0.0881526991724968,-0.08739656955003738,-0.07257197797298431,-0.05376838892698288,-0.021235615015029907,0.01146791409701109,0.05212629213929176,0.0771278440952301,0.17671698331832886
0.0,0.0,-0.007479154970496893,-0.0018145180074498057,0.04573629051446915,0.06276284158229828,0.05071206018328667,0.017488110810518265,-0.029165327548980713,-0.03725626692175865,-0.039165858179330826,-0.015439020469784737,0.009770996868610382,0.006784519646316767,0.0,-0.004720923025161028,-0.03275921940803528,-0.022588955238461494,0.004258282016962767,0.00766705721616745,0.004007821902632713,-0.004447013605386019,-0.005051944870501757,-0.015924418345093727,0.012340739369392395,0.01742037944495678,0.004343271255493164,-0.052611611783504486,-0.05356733873486519,-0.03911450505256653,-0.032030314207077026,-0.19864769279956818,-0.22022344172000885,-0.1936492770910263,-0.12197627127170563,-0.005821397062391043,0.0003436112019699067,-0.009686949662864208,-0.06077873706817627,-0.08485133945941925,-0.09444616734981537,-0.07778377085924149,-0.047477636486291885,-0.020672261714935303,-0.007449405733495951,0.03569118306040764,0.12866024672985077
0.0,0.0,-0.014364107511937618,-0.011243878863751888,0.05432866886258125,0.07564524561166763,0.06543760001659393,0.03287217766046524,-0.010491005145013332,-0.047565314918756485,-0.058389220386743546,-0.040387608110904694,-0.0035025104880332947,-0.0008162824669852853,-0.004960932768881321,-0.0014503466663882136,-0.046938203275203705,-0.041128259152173996,-0.012687232345342636,0.020032944157719612,0.0068390644155442715,0.0028312422800809145,0.0,0.00021409172040876,0.011768609285354614,0.028359191492199898,0.012347144074738026,-0.06520892679691315,-0.09543891251087189,-0.06589429825544357,-0.0688445195555687,-0.2894352376461029,-0.26493263244628906,-0.2266288697719574,-0.16045184433460236,-0.07301053404808044,-0.004733554553240538,0.012934820726513863,-0.01600092463195324,-0.08462584018707275,-0.0957460030913353,-0.08408467471599579,-0.06190533563494682,-0.04823482036590576,-0.047450240701436996,-0.02817354165017605,0.00911613181233406
0.0,0.0,-0.0124134486541152,-0.008198820054531097,0.047621626406908035,0.0828641876578331,0.07449478656053543,0.04249502345919609,0.003085141768679023,-0.03064875490963459,-0.052141398191452026,-0.04843666031956673,-0.03140110895037651,-0.03884682431817055,-0.04417028650641441,0.0,-0.0051685236394405365,-0.03793379291892052,-0.02692596986889839,-0.0012523317709565163,0.03343410789966583,0.01823590323328972,0.0,0.00021409172040876,0.003880543867126107,0.002660633996129036,-0.04323612526059151,-0.13078078627586365,-0.12246177345514297,-0.12962597608566284,-0.17564503848552704,-0.1997307986021042,-0.18453750014305115,-0.18090300261974335,-0.1439172923564911,-0.12246910482645035,-0.06060367077589035,-0.029054533690214157,0.011253032833337784,-0.007487072143703699,-0.02709631249308586,-0.02665601298213005,-0.02521062269806862,-0.03488020971417427,-0.04728507623076439,-0.036382850259542465,-0.07837587594985962
