currents_20100916.json
{"header": {"parameterCategory":2,"parameterNumber":3,"nx":74,"ny":54,"lo1":22.5,"la1":41.2,"lo2":27.0,"la2":38.2,"dx":0.06164383561643835,"dy":0.05660377358490566,"refTime":"2010-09-16T12:00:00"}, "data":
[rows 21 to 41 of 54, columns 0 to 46 of 74]
0.0,0.0,-7.026691309874877e-05,0.004829887300729752,0.035171668976545334,0.030884623527526855,0.06833595037460327,0.09316588193178177,0.03644202649593353,-0.0006796026136726141,-0.04455643147230148,-0.037851933389902115,-0.09475749731063843,-0.15100906789302826,-0.10637959837913513,0.0,0.0,0.0033413576893508434,0.0033413576893508434,-0.0067598274908959866,-0.02132364735007286,0.010362128727138042,0.02567661926150322,0.0012452297378331423,0.03914108872413635,0.04687092825770378,0.07927373796701431,-0.04742230847477913,-0.13926132023334503,-0.1399594098329544,-0.15117883682250977,-0.2091842144727707,-0.2692466378211975,-0.21664662659168243,-0.21745999157428741,-0.07718978077173233,0.11986909061670303,0.10723759233951569,0.07518230378627777,-0.05283535644412041,-0.12211709469556808,-0.10596075654029846,-0.06969881802797318,-0.043352723121643066,-0.028584856539964676,-0.023258298635482788,-0.01583242230117321
0.0,0.0,0.0,0.008872590027749538,0.04933158680796623,0.020894067361950874,0.036177705973386765,0.06278733909130096,0.006548156961798668,-0.017520969733595848,-0.001322598080150783,0.01456578727811575,-0.06996116787195206,-0.16656768321990967,-0.1510377675294876,-0.012065775692462921,-0.012065775692462921,-0.0010493429144844413,-0.0010493429144844413,-0.009810840710997581,-0.024536294862627983,0.011109858751296997,0.06632133573293686,0.022708019241690636,0.07874883711338043,0.0807785838842392,0.03814217448234558,-0.09642508625984192,-0.20046702027320862,-0.25030243396759033,-0.2726284861564636,-0.2817384600639343,-0.2659933865070343,-0.21339337527751923,-0.12318619340658188,0.053931016474962234,0.12386959791183472,0.11565110087394714,0.0462522991001606,-0.05384713038802147,-0.12139657139778137,-0.0906255915760994,0.0,0.0,0.0,0.0,-0.0030452338978648186
0.0,0.0,0.0,0.005784183274954557,0.03010588511824608,0.010434916242957115,0.01377181801944971,0.023935621604323387,0.015067475847899914,0.023341648280620575,0.055308613926172256,0.06975913047790527,-0.055828385055065155,-0.17024028301239014,-0.18765830993652344,-0.08651921153068542,-0.0021014900412410498,-3.493324766168371e-05,-0.009437051601707935,-0.028733592480421066,-0.11918599158525467,-0.06924387812614441,0.051602188497781754,0.16494502127170563,0.1464536190032959,0.07705904543399811,-0.018261676654219627,-0.17296381294727325,-0.28893083333969116,-0.3182632625102997,-0.3162064552307129,-0.2492128610610962,-0.1837380975484848,-0.12232332676649094,-0.04367363452911377,0.013663195073604584,0.06962233036756516,0.0718189924955368,0.03321544826030731,-0.0008217051508836448,-0.03360332176089287,0.004750939551740885,0.0,0.0,0.0,0.0,-0.0030452338978648186
0.0,0.0,0.0,0.0,0.012940416112542152,0.008053110912442207,-0.010767887346446514,0.00041645189048722386,-0.0016832927940413356,0.07566647231578827,0.04645724222064018,0.04071147367358208,-0.09357313066720963,-0.20782552659511566,-0.17800331115722656,-0.08830778300762177,-0.011698903515934944,-0.01099318079650402,-0.06994979828596115,-0.10149698704481125,-0.14826583862304688,-0.04332916438579559,0.07751689851284027,0.1962490975856781,0.19063663482666016,0.11113876104354858,-0.047933369874954224,-0.20414289832115173,-0.2913387417793274,-0.3206711709499359,-0.2761179506778717,-0.22522000968456268,-0.15842323005199432,-0.06069055572152138,0.014730965718626976,0.04365041106939316,0.06109338998794556,0.022287465631961823,0.01805095002055168,0.01709792949259281,0.03800452873110771,0.030168846249580383,0.021005306392908096,0.008597512729465961,0.016626911237835884,0.016626911237835884,-0.006369552109390497
0.0,0.0,0.0,0.0,0.0,0.0,-0.010732932947576046,-0.024341082200407982,-0.025867069140076637,0.06837652623653412,0.06294038146734238,-0.002496768021956086,-0.14025679230690002,-0.1928754448890686,-0.16304825246334076,-0.07674959301948547,-0.023109324276447296,-0.03809761255979538,-0.09705422818660736,-0.14313994348049164,-0.1078038141131401,-0.017736071720719337,0.10255236178636551,0.1650935858488083,0.17845217883586884,0.07916144281625748,-0.05061419680714607,-0.20306260883808136,-0.27126866579055786,-0.2821187674999237,-0.2485339641571045,-0.21310292184352875,-0.12942303717136383,-0.03424058482050896,0.05273640900850296,0.07141765207052231,0.03617282956838608,-0.0034220339730381966,0.008251991122961044,0.043460484594106674,0.06157835200428963,0.0678786188364029,0.038867633789777756,0.00570447975769639,0.0172432828694582,0.01563582569360733,-0.01601172611117363
0.0,0.0,0.0,0.0,0.0,0.0,-0.010210426524281502,-0.023396851494908333,-0.061258621513843536,-0.015767034143209457,-0.02908831462264061,-0.07079649716615677,-0.1287800818681717,-0.1935129165649414,-0.1733442097902298,-0.09845415502786636,-0.04594110697507858,-0.028200598433613777,-0.05100333318114281,-0.03333856165409088,0.0152024170383811,0.054586175829172134,0.11987048387527466,0.09027912467718124,0.05364412069320679,0.015076091513037682,-0.03631732612848282,-0.15283739566802979,-0.21455003321170807,-0.24349606037139893,-0.23524725437164307,-0.21363432705402374,-0.10809820145368576,-0.021061500534415245,0.040484726428985596,0.10014833509922028,0.07428910583257675,0.01492850948125124,-0.021981703117489815,-0.016268890351057053,0.007453660015016794,0.02689889445900917,0.025571901351213455,0.033506035804748535,0.023875964805483818,-0.001522801467217505,-0.060325007885694504
0.0,0.0,0.0,0.0,0.0,0.0,-0.010210426524281502,-0.01767188496887684,-0.06608405709266663,-0.0617855042219162,-0.09462074190378189,-0.13050825893878937,-0.1644974946975708,-0.19991491734981537,-0.16046832501888275,-0.08915097266435623,-0.050692442804574966,-0.004704836290329695,0.006269165780395269,0.030712438747286797,0.0740135908126831,0.10374489426612854,0.1184932142496109,0.08223528414964676,0.024375934153795242,-0.06167611479759216,-0.10434608906507492,-0.12774008512496948,-0.17483200132846832,-0.210797518491745,-0.2157728672027588,-0.19611337780952454,-0.10716743022203445,-0.02013072557747364,0.016947226598858833,0.09133884310722351,0.07746994495391846,0.0539807565510273,-0.009176600724458694,-0.04586371034383774,-0.025434128940105438,-0.017938166856765747,0.0009263999527320266,0.012399094179272652,0.012209547683596611,-0.02356797456741333,-0.047452736645936966
0.0,0.0,0.0,0.0,0.0,0.0,0.004328737501055002,-0.0008955656667239964,-0.053926099091768265,-0.11331384629011154,-0.17573456466197968,-0.1787683665752411,-0.19416137039661407,-0.1900855302810669,-0.14415843784809113,-0.07272939383983612,-0.04511651024222374,-0.0008534821099601686,0.041516393423080444,0.06726133078336716,0.10259370505809784,0.13179470598697662,0.13774985074996948,0.09779857844114304,0.004726465325802565,-0.08132558315992355,-0.160667285323143,-0.13333871960639954,-0.15173104405403137,-0.18769654631614685,-0.19503694772720337,-0.17515768110752106,-0.09361910074949265,-0.050130851566791534,-0.017737725749611855,0.0674629658460617,0.10472291707992554,0.09180355817079544,0.03045566938817501,-0.04058385640382767,-0.04636628180742264,-0.034548040479421616,-0.02980298548936844,-0.019897256046533585,-0.020720036700367928,-0.025898121297359467,-0.03464789316058159
0.0,0.0,0.0,0.0,0.0,0.0,0.0,-0.008953037671744823,-0.008953037671744823,-0.058630459010601044,-0.1505538672208786,-0.22809606790542603,-0.22519704699516296,-0.20431189239025116,-0.15114010870456696,-0.07903332263231277,-0.049044009298086166,0.004720650613307953,0.05186326429247856,0.0761987566947937,0.11002455651760101,0.14961959421634674,0.16239425539970398,0.11841905862092972,0.038615088909864426,-0.05564570054411888,-0.15162451565265656,-0.21680384874343872,-0.19995221495628357,-0.19572223722934723,-0.16881729662418365,-0.15633079409599304,-0.10025952011346817,-0.05957406759262085,-0.019865114241838455,0.033437810838222504,0.0919768288731575,0.0950850397348404,0.04661901295185089,-0.025104880332946777,-0.018076898530125618,-0.014885155484080315,-0.0537845641374588,-0.04040413722395897,-0.0435604453086853,-0.049221355468034744,-0.05103376880288124
0.0,0.0,0.0,0.0,0.0,0.0,0.0,0.0,0.0,-0.034449100494384766,-0.09771642088890076,-0.17638245224952698,-0.22292733192443848,-0.20914460718631744,-0.155772864818573,-0.1010517105460167,-0.05704636126756668,-0.01113803219050169,0.032041192054748535,0.05314967408776283,0.09017889946699142,0.15036165714263916,0.1634184569120407,0.11693213135004044,0.04541837424039841,-0.04184969142079353,-0.12310820072889328,-0.20344997942447662,-0.2167424112558365,-0.24097099900245667,-0.21833539009094238,-0.16949866712093353,-0.1132834404706955,-0.07259798794984818,-0.035727608948946,-0.0033658500760793686,0.05925409123301506,0.07749994099140167,0.04702194407582283,-0.01984156109392643,-0.014998585917055607,-0.01965930126607418,-0.04517550393939018,-0.03203099966049194,-0.03451226279139519,-0.03974703699350357,-0.042772479355335236
0.0,0.0,0.0,0.0,0.0,0.0,0.0,0.0,0.0,0.0,-0.03885612264275551,-0.08188960701227188,-0.16243025660514832,-0.1651972532272339,-0.16570329666137695,-0.11063124984502792,-0.055821266025304794,-0.026639854535460472,0.003030671738088131,0.0172188188880682,0.05877143517136574,0.1177111342549324,0.14310796558856964,0.09913468360900879,0.033129073679447174,-0.04131651669740677,-0.0610274001955986,-0.1405099630355835,-0.20022986829280853,-0.2835030257701874,-0.2675187289714813,-0.21088044345378876,-0.1542021632194519,-0.08821414411067963,-0.05057596042752266,-0.03145137056708336,0.04079686105251312,0.06980741769075394,0.04297346994280815,-0.01766442134976387,-0.00910662580281496,-0.006654547061771154,-0.029033612459897995,-0.01609567366540432,-0.014043157920241356,-0.01927793212234974,-0.02583298087120056
0.0,0.0,0.0,0.0,0.0,0.0,0.0,0.0,0.0,0.0,-0.009536298923194408,-0.015454227104783058,-0.047409262508153915,-0.10059996694326401,-0.12419934570789337,-0.09760376065969467,-0.07149335741996765,-0.056164517998695374,-0.04102643206715584,-0.030359463766217232,0.03895464539527893,0.08446650952100754,0.096418596804142,0.059445571154356,-0.02380666509270668,-0.03655063360929489,-0.007531020790338516,-0.015063866041600704,-0.23737303912639618,-0.2146349549293518,-0.08598164469003677,-0.3053356409072876,-0.19613371789455414,-0.12330003082752228,-0.09059083461761475,-0.04281388595700264,0.02900320291519165,0.058334626257419586,0.03403925523161888,-0.008719765581190586,-0.02110034041106701,-0.021225113421678543,-0.014137836173176765,-0.0028277698438614607,0.0009407826000824571,-0.0001282087032450363,-0.0007895636954344809
0.0,0.0,0.0,0.0,0.0,0.0,0.0,0.002054117154330015,0.006710092071443796,0.0,0.0,0.0,-0.012741903774440289,-0.05426407977938652,-0.07360343635082245,-0.07091553509235382,-0.06804952025413513,-0.06862416118383408,-0.054663900285959244,-0.023374229669570923,0.03706946596503258,0.06278786808252335,0.043057773262262344,0.03683336451649666,-0.057591937482357025,-0.03454960882663727,-0.016781574115157127,-0.04192309081554413,-0.254061222076416,-0.17381063103675842,-0.14119404554367065,-0.2837556302547455,-0.236929789185524,-0.13153325021266937,-0.08228878676891327,0.0023647069465368986,0.05985138565301895,0.04502713680267334,0.02140123024582863,-0.00504979956895113,0.01260293461382389,0.012478160671889782,0.02824140526354313,0.024453559890389442,0.023048678413033485,-0.005159114953130484,-0.016859401017427444
0.0,0.0,0.0,0.0,0.0,0.0,0.006242775823920965,0.00829689297825098,0.013753262348473072,0.005195301957428455,0.0012451580259948969,-0.004902902524918318,-0.0023158674594014883,-0.0035271169617772102,-0.022866474464535713,-0.05132905766367912,-0.06193222850561142,-0.08054561167955399,-0.08859768509864807,-0.015459182672202587,0.01111591886729002,0.00739243533462286,-0.017729656770825386,0.017373153939843178,-0.08843140304088593,-0.1208210289478302,-0.07694997638463974,-0.1008947342634201,-0.2452571839094162,-0.26768767833709717,-0.235071063041687,-0.28482648730278015,-0.2243783175945282,-0.12586937844753265,-0.04223530739545822,0.04792670160531998,0.05143991857767105,0.03883441537618637,0.014717978425323963,0.006361464504152536,0.03313564509153366,0.05157767981290817,0.06613141298294067,0.04978819936513901,0.026085546240210533,-0.00918789952993393,-0.04180150479078293
0.0,0.0,0.0,0.0,0.0,0.007677228655666113,0.016515713185071945,0.02250748500227928,0.018316082656383514,0.008986164815723896,-0.0034647707361727953,-0.016211071982979774,-0.0023158674594014883,0.0,-0.017270514741539955,-0.04721152037382126,-0.04239441081881523,-0.10168308019638062,-0.10314922779798508,0.003838860895484686,-0.030684461817145348,-0.029088597744703293,-0.021771801635622978,-0.0004335018165875226,-0.007148206699639559,-0.12082947045564651,-0.21177206933498383,-0.17210379242897034,-0.2829917371273041,-0.28568169474601746,-0.23665760457515717,-0.24843716621398926,-0.1465671807527542,-0.029343144968152046,0.06748393177986145,0.06985796988010406,0.05398136377334595,0.03185207024216652,0.015483899042010307,0.04373762011528015,0.07633477449417114,0.09442063421010971,0.09087228029966354,0.05769005045294762,0.0167080108076334,-0.028004854917526245,-0.06906896084547043
0.0,0.0,0.0,0.0,0.0,0.004572378005832434,0.004572378005832434,0.008091838099062443,0.02310275286436081,0.006432109046727419,0.0018152319826185703,-0.0071476115845143795,-0.0023158674594014883,-0.01121657807379961,-0.0463608093559742,-0.0174397025257349,-0.014717097394168377,-0.10436490923166275,-0.10479697585105896,0.0005220419843681157,-0.014678912237286568,-0.014678912237286568,-0.012950466945767403,-0.0030888847541064024,-0.056364718824625015,-0.18784572184085846,-0.2272801697254181,-0.21001756191253662,-0.29523932933807373,-0.2762647569179535,-0.23332029581069946,-0.18418419361114502,-0.059751320630311966,0.0129434484988451,0.08595538139343262,0.07789420336484909,0.05207457393407822,0.02886791341006756,0.03214923292398453,0.050040580332279205,0.07595013827085495,0.07956196367740631,0.07670306414365768,0.0473172664642334,0.01807750016450882,-0.025991810485720634,-0.05734875425696373
0.0,0.0,0.0,0.0,0.0,0.0,0.0,0.0,0.018617095425724983,0.014948594383895397,0.004649720154702663,-0.002624346874654293,-0.003956942819058895,-0.019205184653401375,-0.0411548912525177,-0.01036188006401062,-0.009747298434376717,-0.10037174075841904,-0.11043788492679596,-0.004647432826459408,-0.005380894057452679,-0.0069970437325537205,-0.04585757479071617,-0.029835201799869537,-0.1165631115436554,-0.138666570186615,-0.17810101807117462,-0.2420550286769867,-0.2916540503501892,-0.2993622422218323,-0.2354849874973297,-0.13629136979579926,-0.03072947822511196,0.051792025566101074,0.08275771141052246,0.07197675853967667,0.048018679022789,0.027152366936206818,0.030741244554519653,0.040002815425395966,0.045419104397296906,0.0612604059278965,0.05921468883752823,0.036937884986400604,0.023296887055039406,-0.006893339566886425,-0.031088434159755707
0.0,0.0,0.0,0.0,0.0,0.0,0.0,0.0,0.0,0.01089640986174345,0.006085104774683714,-0.009464939124882221,-0.015083542093634605,-0.014384238049387932,-0.02215474098920822,-0.03477821499109268,-0.037760283797979355,-0.076402947306633,-0.0757535845041275,-0.01547269057482481,-0.02129082940518856,-0.08719819784164429,-0.12957298755645752,-0.08395686745643616,-0.1404542773962021,-0.1147555410861969,-0.11942318081855774,-0.2882501780986786,-0.31858932971954346,-0.2982975244522095,-0.22536258399486542,-0.09292357414960861,-0.022542748600244522,0.032217077910900116,0.06558611989021301,0.06273277848958969,0.040945690125226974,0.01914002001285553,0.0034030508249998093,-0.003158395877107978,0.005761860404163599,0.023209473118185997,0.04278068244457245,0.0461779460310936,0.03905899450182915,0.02524833381175995,0.009033125825226307
0.0,0.0,0.0,0.0,0.0,0.0,0.0,0.0,0.0,-0.010777668096125126,-0.0128991873934865,-0.0030111316591501236,-0.004678144585341215,-0.005614578258246183,-0.012099193409085274,-0.020216291770339012,-0.06844962388277054,-0.07880034297704697,-0.07441781461238861,-0.030361909419298172,-0.04936471953988075,-0.10509482771158218,-0.12438841164112091,-0.09264834970235825,-0.09316675364971161,-0.09082862734794617,-0.11614728718996048,-0.2638281285762787,-0.30569255352020264,-0.27153530716896057,-0.20173552632331848,-0.10084258019924164,-0.02780293859541416,-0.0029506906867027283,0.020107327029109,0.04176324978470802,0.02020152471959591,-0.0018660023342818022,-0.025099141523241997,-0.03538740798830986,-0.0313260480761528,-0.014456730335950851,0.01841691881418228,0.04648403078317642,0.047496214509010315,0.061448171734809875,0.056600410491228104
0.0,0.0,0.0,0.0,0.0,0.0,0.0,-0.007387971505522728,-0.013958900235593319,-0.005266825668513775,-0.004368022084236145,0.0,0.0,0.0,0.0,-0.004645598586648703,-0.058549024164676666,-0.08215097337961197,-0.0935739278793335,-0.051564835011959076,-0.0683864876627922,-0.0817609578371048,-0.10105454176664352,-0.08528263121843338,-0.05026840418577194,-0.0479302778840065,-0.09524046629667282,-0.23279224336147308,-0.2915486693382263,-0.2881598174571991,-0.2018859088420868,-0.12327644228935242,-0.030536314472556114,-0.0010300722206011415,-0.0024681352078914642,0.008237634785473347,-0.011606921441853046,-0.029381420463323593,-0.05261455848813057,-0.0625099167227745,-0.05809527635574341,-0.04153381660580635,-0.009459034539759159,0.027550935745239258,0.05969266593456268,0.07364462316036224,0.09707815945148468
0.0,0.0,0.0,0.0,0.0,0.0,0.00023991781927179545,-0.006311241537332535,-0.03699842467904091,-0.013130615465342999,-0.00041353722917847335,-0.00041353722917847335,-0.00041353722917847335,0.0,0.0,-0.004645598586648703,-0.040480222553014755,-0.062415435910224915,-0.07467497140169144,-0.07755108922719955,-0.0702776163816452,-0.07450945675373077,-0.07623015344142914,-0.06628312170505524,-0.04330941289663315,-0.053658626973629,-0.10282661765813828,-0.20083972811698914,-0.3298912048339844,-0.3262408375740051,-0.24285326898097992,-0.17074833810329437,-0.053711116313934326,0.0,-0.008054676465690136,-0.047597818076610565,-0.060288261622190475,-0.07168503850698471,-0.07896130532026291,-0.08378839492797852,-0.08248012512922287,-0.06794397532939911,-0.03777005523443222,0.0038455461617559195,0.043397773057222366,0.08298800885677338,0.12409380078315735
