currents_20100917.json
{"header": {"parameterCategory":2,"parameterNumber":2,"nx":74,"ny":54,"lo1":22.5,"la1":41.2,"lo2":27.0,"la2":38.2,"dx":0.06164383561643835,"dy":0.05660377358490566,"refTime":"2010-09-17T12:00:00"}, "data":
[rows 21 to 41 of 54, columns 0 to 46 of 74]
0.0,0.0,-0.004205239936709404,-0.008772669360041618,0.005388797726482153,-0.006220628507435322,-0.020564015954732895,-0.04969070106744766,-0.0538477748632431,-0.04639763385057449,-0.017731880769133568,0.016504909843206406,0.06698299944400787,0.06040231138467789,0.04939479008316994,0.017145734280347824,0.014039035886526108,0.007032616529613733,0.036510270088911057,0.03929828479886055,0.07476616650819778,0.05518372729420662,0.0008415225893259048,0.0,0.0,0.0057655698619782925,0.0313710980117321,0.048218440264463425,0.02604084648191929,-0.017124181613326073,-0.07605624943971634,-0.16387785971164703,-0.2243579775094986,-0.20029717683792114,-0.21012307703495026,-0.15156491100788116,-0.1617412120103836,-0.16820743680000305,-0.20545227825641632,-0.20206139981746674,-0.18842574954032898,-0.12612710893154144,-0.06501301378011703,-0.05389096587896347,-0.05457357317209244,-0.05606013536453247,-0.0275573767721653
0.0,0.0,-0.000760878378059715,0.00035934895277023315,-0.00497594615444541,-0.02065393328666687,-0.0452466756105423,-0.0830024778842926,-0.08764398843050003,-0.08543780446052551,-0.07351511716842651,-0.058610331267118454,0.03486737608909607,0.07608098536729813,0.08347466588020325,0.05320475623011589,0.01759485900402069,0.0,0.0030224935617297888,0.0030224935617297888,0.07819048315286636,0.07738352566957474,0.0044862073846161366,0.0005170867079868913,0.03311546519398689,0.04300350695848465,0.015910344198346138,-0.05974184349179268,-0.10527760535478592,-0.15803039073944092,-0.23258039355278015,-0.3115861713886261,-0.3258577585220337,-0.2779395282268524,-0.1880185902118683,-0.16987115144729614,-0.19584764540195465,-0.23834490776062012,-0.2746869623661041,-0.2524366080760956,-0.18882085382938385,-0.09092143177986145,-0.014376677572727203,-0.004219012334942818,-0.004311674274504185,-0.004311674274504185,-0.004311674274504185
0.0,0.0,0.0,-0.0006201503565534949,-0.008603001944720745,-0.0027835271321237087,-0.025624314323067665,-0.046135153621435165,-0.05567329004406929,-0.01880158670246601,-0.0009854641975834966,0.02820146456360817,0.05767464637756348,0.04104229807853699,0.04993719980120659,0.03235224634408951,-0.014158356003463268,-0.03625437244772911,-0.14247703552246094,-0.21024870872497559,-0.171242818236351,-0.11585477739572525,-0.11478910595178604,-0.08216654509305954,-0.06690365821123123,-0.06489565968513489,-0.10986541211605072,-0.18384239077568054,-0.23402906954288483,-0.2940883934497833,-0.3004492223262787,-0.2828003168106079,-0.259854793548584,-0.20459391176700592,-0.1319555640220642,-0.1132153570652008,-0.136588454246521,-0.17832829058170319,-0.20502594113349915,-0.18484506011009216,-0.1166597530245781,-0.07230820506811142,-0.010157665237784386,0.0,0.0,0.0,0.0
0.0,0.0,0.0,0.0,-0.00579087296500802,-0.0008935402147471905,-0.005090637598186731,-0.009875325486063957,-0.022359689697623253,0.0035197711549699306,-0.016394728794693947,0.010019475594162941,-0.03353014215826988,-0.030335113406181335,-0.030279317870736122,-0.028045471757650375,-0.06976338475942612,-0.12111904472112656,-0.2273416966199875,-0.2930991053581238,-0.3010350167751312,-0.2192787528038025,-0.16130518913269043,-0.1378863900899887,-0.1226235032081604,-0.16050264239311218,-0.19631826877593994,-0.24660655856132507,-0.2708471715450287,-0.3010402321815491,-0.2858462333679199,-0.24795059859752655,-0.21696487069129944,-0.14759677648544312,-0.10294446349143982,-0.08250848948955536,-0.10588158667087555,-0.10809547454118729,-0.12728580832481384,-0.10599222779273987,-0.14040781557559967,-0.0960562601685524,-0.051768846809864044,-0.04908221215009689,-0.03828510642051697,-0.03828510642051697,-0.05732247978448868
0.0,0.0,0.0,0.0,0.0,3.791919516515918e-05,0.0042515103705227375,0.01752578094601631,-0.019519640132784843,-0.0711434856057167,-0.12509077787399292,-0.1578400582075119,-0.18002769351005554,-0.17178595066070557,-0.14559607207775116,-0.119505375623703,-0.16119910776615143,-0.20219795405864716,-0.22567594051361084,-0.1758274883031845,-0.1305694878101349,-0.09373790770769119,-0.08416902273893356,-0.1454962193965912,-0.18681132793426514,-0.22212722897529602,-0.24637894332408905,-0.24859727919101715,-0.23027637600898743,-0.20375457406044006,-0.17249973118305206,-0.16144616901874542,-0.14419831335544586,-0.1251744031906128,-0.11685218662023544,-0.0957423523068428,-0.06185663491487503,-0.03406587243080139,-0.052330806851387024,-0.10917861759662628,-0.158717080950737,-0.18245722353458405,-0.16221164166927338,-0.14515870809555054,-0.13204823434352875,-0.13638918101787567,-0.22299377620220184
0.0,0.0,0.0,0.0,0.0,0.0,0.005012898240238428,0.021138712763786316,0.00540119968354702,-0.08700425922870636,-0.1539643555879593,-0.1935684084892273,-0.20377661287784576,-0.20055876672267914,-0.20914746820926666,-0.21091926097869873,-0.21146194636821747,-0.1999126523733139,-0.122844398021698,-0.07645850628614426,-0.08788876980543137,-0.05759456753730774,-0.06501056998968124,-0.05434427037835121,-0.09318781644105911,-0.12981237471103668,-0.1554192304611206,-0.1299533247947693,-0.10920163244009018,-0.08739190548658371,-0.06891040503978729,-0.06773952394723892,-0.06187688186764717,-0.049159012734889984,-0.08156970888376236,-0.08650633692741394,-0.08622344583272934,-0.06609759479761124,-0.023280151188373566,-0.020630735903978348,-0.07268000394105911,-0.133047953248024,-0.1625172197818756,-0.1756107360124588,-0.22103752195835114,-0.23235927522182465,-0.26875370740890503
0.0,0.0,0.0,0.0,0.0,0.0,0.003057901281863451,0.018694957718253136,0.012249445542693138,-0.05467727407813072,-0.12820015847682953,-0.17819148302078247,-0.18715296685695648,-0.19010759890079498,-0.1986963152885437,-0.20736241340637207,-0.18507228791713715,-0.11852982640266418,-0.07086838781833649,-0.029654167592525482,-0.04184102267026901,-0.04515387490391731,-0.03734373673796654,0.0030918316915631294,0.02413420006632805,-0.023431317880749702,-0.043835610151290894,-0.04575712978839874,-0.01492360420525074,-0.0036814885679632425,0.004045315086841583,0.003919600043445826,0.006863470654934645,0.0008386033005081117,-0.03263816982507706,-0.05593244731426239,-0.05564955994486809,-0.05019702762365341,-0.014739321544766426,-0.01342779491096735,0.0021823181305080652,-0.0581856295466423,-0.10285402089357376,-0.1475820243358612,-0.19300881028175354,-0.21814565360546112,-0.23331338167190552
0.0,0.0,0.0,0.0,0.0,0.0,0.003057901281863451,0.011042679660022259,0.04907523840665817,0.04642104357481003,-0.0040587312541902065,-0.10728813707828522,-0.11552873253822327,-0.11973554641008377,-0.11912742257118225,-0.11200650036334991,-0.10661357641220093,-0.08940518647432327,-0.06261058896780014,-0.03181332349777222,-0.01979181542992592,-0.02232873998582363,-0.030993198975920677,-1.0955428479064722e-05,0.06651156395673752,0.10851607471704483,0.10144998133182526,0.04124827682971954,0.03310583904385567,0.041173141449689865,0.044507864862680435,0.04637995734810829,0.036922797560691833,0.027306312695145607,0.027354758232831955,0.009164550341665745,-0.017072807997465134,-0.04046336188912392,-0.03926296904683113,-0.0067482441663742065,0.016645845025777817,0.024320581927895546,-0.001999432686716318,-0.03746602311730385,-0.06833184510469437,-0.08898428082466125,-0.09801238030195236
0.0,0.0,0.0,0.0,0.0,0.0,0.003057901281863451,0.0033977951388806105,0.006152285262942314,0.11167743057012558,0.13498201966285706,0.08979487419128418,0.040125828236341476,0.0067005702294409275,-0.000982938683591783,-0.0003714495396707207,0.017159579321742058,0.032308854162693024,0.040318798273801804,0.050638359040021896,0.05231764540076256,0.04806505888700485,0.03072386607527733,0.03636709600687027,0.08602871000766754,0.13071087002754211,0.1550789773464203,0.15217037498950958,0.11464588344097137,0.10844799876213074,0.05269715189933777,0.04997265711426735,0.04432304576039314,0.042270828038454056,0.039522282779216766,0.029134050011634827,0.010394129902124405,-0.019838247448205948,-0.040883101522922516,-0.028809120878577232,-0.018355371430516243,0.0051088412292301655,-0.01566135883331299,-0.007825151085853577,-0.031663600355386734,-0.02892499975860119,-0.03599205240607262
0.0,0.0,0.0,0.0,0.0,0.0,0.0,0.0,0.0,0.09260017424821854,0.113907590508461,0.150262713432312,0.16845907270908356,0.1509121060371399,0.14322859048843384,0.13578873872756958,0.13740213215351105,0.15082736313343048,0.15121188759803772,0.14747518301010132,0.12559911608695984,0.11381741613149643,0.08533817529678345,0.07795726507902145,0.07594585418701172,0.1206280067563057,0.1604558229446411,0.18890975415706635,0.20534273982048035,0.14608733355998993,0.10096580535173416,0.09044592082500458,0.0648261308670044,0.058767933398485184,0.05207505077123642,0.042752545326948166,0.017721787095069885,-0.010652276687324047,-0.03742345795035362,-0.037105660885572433,-0.02602253295481205,-0.0025583216920495033,-0.019254710525274277,-0.00973926205188036,0.0016412263503298163,0.00897435937076807,0.011376609094440937
0.0,0.0,0.0,0.0,0.0,0.0,0.0,0.0,0.0,0.0,0.02811654470860958,0.11502428352832794,0.20674626529216766,0.2626427710056305,0.2893338203430176,0.2746983766555786,0.26562047004699707,0.25878608226776123,0.25094667077064514,0.23474706709384918,0.20107020437717438,0.16397862136363983,0.12479722499847412,0.1021757572889328,0.08645902574062347,0.08599905669689178,0.1069241389632225,0.14167816936969757,0.18502892553806305,0.1990225613117218,0.16748091578483582,0.13125254213809967,0.09954426437616348,0.07786422222852707,0.06018911302089691,0.024589503183960915,0.0008785913814790547,-0.01263023354113102,-0.032489001750946045,-0.027255745604634285,-0.012646672315895557,0.0010899718618020415,-0.012366111390292645,-6.572843994945288e-05,0.012498118914663792,0.024718444794416428,0.043778855353593826
0.0,0.0,0.0,0.0,0.0,0.0,0.0,0.0,0.0,0.0,0.02811654470860958,0.032208673655986786,0.09089896827936172,0.1589093804359436,0.2335352748632431,0.2692639231681824,0.2668859660625458,0.2596183121204376,0.247155100107193,0.22122833132743835,0.1854349970817566,0.15799804031848907,0.1315392553806305,0.09760856628417969,0.05614791065454483,0.027463430538773537,0.029814092442393303,0.033107779920101166,0.06656849384307861,0.07123216986656189,0.04883386194705963,0.12329543381929398,0.07514863461256027,0.044981662184000015,0.010027898475527763,-0.006642729043960571,-0.018031559884548187,-0.002978556090965867,-0.023867473006248474,-0.026899665594100952,-0.014975221827626228,0.0008740152698010206,0.02910701185464859,0.05157477781176567,0.07029680162668228,0.08273472636938095,0.08702152967453003
0.0,0.0,0.0,0.0,0.0,0.0,0.001643483410589397,0.002510791178792715,0.004241942893713713,0.006833828054368496,0.0009004141902551055,0.0,0.04834802448749542,0.0670943334698677,0.1417202204465866,0.18155759572982788,0.1897663176059723,0.1917838603258133,0.17326408624649048,0.1563458889722824,0.16696368157863617,0.13952670991420746,0.12047260999679565,0.09579937160015106,0.10120316594839096,0.015929438173770905,0.005029801279306412,-0.010472667403519154,-0.048192016780376434,-0.038351938128471375,-0.05303580313920975,0.00029503973200917244,-0.005421983078122139,-0.02282252348959446,-0.0382346585392952,-0.004637830890715122,0.007346044760197401,0.00022761209402233362,-0.018201546743512154,-0.012628470547497272,0.012184522114694118,0.04041159525513649,0.07751850038766861,0.09879910200834274,0.11752112954854965,0.11657514423131943,0.11155043542385101
0.0,0.0,0.0,0.0,0.0,-0.00104996666777879,0.000593516684602946,0.005508807022124529,0.012547595426440239,0.009524155408143997,0.0025013508275151253,-0.00035404606023803353,-0.00015230983262881637,0.01615186594426632,0.033550143241882324,0.05763176828622818,0.0833127349615097,0.08720172196626663,0.07400330901145935,0.07265190035104752,0.10548258572816849,0.11114893853664398,0.09731974452733994,0.09505990892648697,0.12675748765468597,0.08858086913824081,0.003993594087660313,-0.04807769134640694,-0.09992988407611847,-0.13296470046043396,-0.14505040645599365,-0.16821742057800293,-0.16576294600963593,-0.12701694667339325,-0.0735807940363884,-0.0003074226260650903,0.010927004739642143,-0.0010553462198004127,-0.01524343155324459,0.0008417656063102186,0.03644080460071564,0.06948060542345047,0.1095241978764534,0.12329264730215073,0.12772808969020844,0.11907675117254257,0.1043534055352211
0.0,0.0,0.0,0.0,0.0,-0.0059208921156823635,-0.006735076662153006,0.0014230470405891538,0.0031912641134113073,0.0002837006759364158,-0.006479065865278244,-0.0014507477171719074,-0.00046815446694381535,0.008130613714456558,0.003969029989093542,-0.00379078253172338,0.030669402331113815,0.03753157705068588,0.02065826952457428,0.03113333135843277,0.04372180253267288,0.03158380463719368,0.012114246375858784,0.02165473811328411,0.009097390808165073,-0.04920570179820061,-0.017892707139253616,-0.07447554916143417,-0.13498838245868683,-0.17604567110538483,-0.22650451958179474,-0.21136020123958588,-0.1762508749961853,-0.09066598117351532,-0.019801978021860123,0.0024540063459426165,-0.004077438730746508,-0.015307711437344551,-0.007781885098665953,0.009539918974041939,0.030723001807928085,0.02167782559990883,0.016228297725319862,0.008842207491397858,0.012801547534763813,0.010477677918970585,0.016487600281834602
0.0,0.0,0.0,0.0,0.0,-0.0059208921156823635,-0.006090159527957439,6.547201337525621e-05,0.0025927794631570578,-0.0021316243801265955,-0.004602917470037937,-0.0010851843981072307,-0.00023276232241187245,0.0002353921445319429,-0.004733974579721689,-0.012097581289708614,0.009820330888032913,0.014542344957590103,0.0008786224643699825,0.007439372595399618,0.009734919294714928,-0.0024030799977481365,0.006802271585911512,-0.03017711453139782,-0.10331936180591583,-0.11631553620100021,-0.1042492687702179,-0.12330061942338943,-0.1567946970462799,-0.1685863733291626,-0.20324836671352386,-0.17731544375419617,-0.13597244024276733,-0.07170053571462631,-0.024122852832078934,-0.02449527382850647,-0.030093014240264893,-0.03526533022522926,-0.03335213288664818,-0.04346029460430145,-0.0396311916410923,-0.0630011036992073,-0.07920823991298676,-0.09223757684230804,-0.08785271644592285,-0.07926285266876221,-0.06221760809421539
0.0,0.0,0.0,0.0,0.0,0.0,0.0,4.6928929805289954e-05,0.00308724632486701,0.0015498076099902391,-0.004361673258244991,-0.004361673258244991,-0.003992571495473385,-0.0009211048600263894,-0.001659179455600679,0.0009065432823263109,0.011290914379060268,0.010750044137239456,0.001307360827922821,-0.000827670912258327,-0.0011505541624501348,0.017433542758226395,0.03364728391170502,-0.05899256095290184,-0.150613933801651,-0.1803625226020813,-0.16801688075065613,-0.11691096425056458,-0.13385668396949768,-0.1368998885154724,-0.12487313151359558,-0.07665962725877762,-0.040404729545116425,-0.03217538446187973,-0.052887652069330215,-0.059812095016241074,-0.06112547963857651,-0.0678584948182106,-0.0784217119216919,-0.10421594977378845,-0.13262087106704712,-0.1597517877817154,-0.17761284112930298,-0.18066276609897614,-0.17627792060375214,-0.16262595355510712,-0.13625024259090424
0.0,0.0,0.0,0.0,0.0,0.0,0.0,4.6928929805289954e-05,0.0007755255792289972,-0.007242625113576651,-0.021534861996769905,-0.026796763762831688,-0.00947889219969511,-0.002645457163453102,-0.004922348540276289,0.015526779927313328,0.00019385053019504994,-0.0023268985096365213,-0.0017372514121234417,-0.006745763588696718,-0.023482540622353554,-0.02851870469748974,-0.05327201634645462,-0.08306421339511871,-0.10944543033838272,-0.08654218167066574,-0.05430426448583603,-0.04239621385931969,-0.03981771692633629,-0.025585602968931198,-0.03709317743778229,-0.010149847716093063,0.007031419314444065,-0.00918206013739109,-0.07809796184301376,-0.10914340615272522,-0.1162354052066803,-0.12690575420856476,-0.1433304250240326,-0.1701362580060959,-0.19800059497356415,-0.22389894723892212,-0.23724904656410217,-0.23985455930233002,-0.23395457863807678,-0.21684813499450684,-0.18479500710964203
0.0,0.0,0.0,0.0,0.0,0.0,0.0,-0.0005378888454288244,-0.023110106587409973,-0.03487516939640045,-0.014299487695097923,-0.01682601496577263,-0.009576977230608463,-0.002743542892858386,-0.003107453463599086,0.00901902373880148,0.010277609340846539,0.002869491931051016,0.005255835596472025,-0.0014886228600516915,-0.014958224259316921,-0.04521949589252472,-0.06051929295063019,-0.07368692010641098,-0.060980308800935745,-0.038077060133218765,-0.025720158591866493,-0.0409255176782608,-0.03638665750622749,-0.005169304087758064,0.0010150617454200983,0.020335713401436806,0.011387680657207966,-0.019409963861107826,-0.0457695871591568,-0.10924051702022552,-0.1416703164577484,-0.15328367054462433,-0.16937123239040375,-0.1908022165298462,-0.21866655349731445,-0.24174539744853973,-0.2608658969402313,-0.26795417070388794,-0.27524587512016296,-0.26134583353996277,-0.23588384687900543
0.0,0.0,-0.0049894643016159534,-0.003446526126936078,0.0,0.0,0.0,-0.0005378888454288244,-0.03538532555103302,-0.023984570056200027,0.0,0.0,0.0,0.0,0.0,0.0,0.005335098132491112,0.014825299382209778,0.01703084446489811,0.010644598864018917,0.006785178557038307,-0.014965404756367207,-0.0306463073939085,-0.03516551852226257,-0.013408168219029903,-0.004649480804800987,9.952467371476814e-05,-0.02947636879980564,-0.0215284563601017,-0.021897759288549423,0.027463339269161224,0.032329972833395004,0.010369888506829739,-0.0002602296299301088,-0.002844990463927388,-0.08240948617458344,-0.12249556928873062,-0.15958459675312042,-0.174537792801857,-0.19358029961585999,-0.20945203304290771,-0.23241616785526276,-0.25668787956237793,-0.2760719358921051,-0.28818967938423157,-0.2830684781074524,-0.26645541191101074
0.0,0.0,-0.009190400131046772,-0.023403307422995567,-0.0016690549673512578,0.0,0.0,-0.0005378888454288244,-0.00027507200138643384,-0.0030317362397909164,0.0,0.0,0.0,0.0,0.0,0.0,-0.0022824632469564676,0.014264003373682499,0.03384987637400627,0.047339681535959244,0.05210345983505249,0.05131445825099945,0.07150528579950333,0.08354782313108444,0.08848851174116135,0.08629592508077621,0.08584918081760406,0.10677263140678406,0.11732343584299088,0.10263033956289291,0.07924532890319824,0.060763828456401825,0.023530030623078346,0.0,-0.00047167090815491974,-0.04155071824789047,-0.08373362571001053,-0.13235796988010406,-0.16052579879760742,-0.1709761619567871,-0.17804409563541412,-0.19016291201114655,-0.2045116424560547,-0.2259732037782669,-0.24501429498195648,-0.25318652391433716,-0.27379271388053894
