currents_20100913.json
{"header": {"parameterCategory":2,"parameterNumber":3,"nx":74,"ny":54,"lo1":22.5,"la1":41.2,"lo2":27.0,"la2":38.2,"dx":0.06164383561643835,"dy":0.05660377358490566,"refTime":"2010-09-13T12:00:00"}, "data":
[rows 21 to 41 of 54, columns 0 to 46 of 74]
0.0,0.0,-0.002209936035797,-0.00873658899217844,0.017003290355205536,0.059341464191675186,0.07696079462766647,0.0795702412724495,0.0534123033285141,0.007457188796252012,-0.019372008740901947,-0.046127431094646454,-0.031655263155698776,-0.09006095677614212,-0.07302886247634888,0.0,0.0,-0.01577053777873516,-0.01577053777873516,-0.049927931278944016,-0.06606444716453552,-0.06550276279449463,-0.028158145025372505,-0.0022590223234146833,-0.07100745290517807,-0.1220303401350975,-0.08704804629087448,-0.015160842798650265,0.09203466773033142,0.038130201399326324,-0.06284400075674057,-0.23921608924865723,-0.3394080400466919,-0.3956867456436157,-0.295756459236145,-0.19479888677597046,-0.12544992566108704,0.015467931516468525,0.06865623593330383,0.004566135350614786,-0.09492059797048569,-0.07703546434640884,-0.05637408047914505,-0.048160575330257416,-0.03726079687476158,-0.011301163583993912,-0.057011619210243225
0.0,0.0,0.0,-0.0019763209857046604,-0.005037723574787378,0.03264978155493736,0.05632495880126953,0.06908449530601501,0.05662544444203377,0.01129478681832552,-0.03569714352488518,-0.05244506895542145,0.004551881458610296,-0.07143408805131912,-0.1055382713675499,-0.01888660341501236,-0.01888660341501236,0.006260523106902838,0.006260523106902838,-0.000556270475499332,-0.07358544319868088,-0.07870034128427505,-0.06904679536819458,-0.023772001266479492,-0.14512032270431519,-0.22901321947574615,-0.2527623772621155,-0.11867594718933105,0.05451669543981552,0.06758835166692734,-0.03247985616326332,-0.1762399673461914,-0.2742330729961395,-0.33051177859306335,-0.3107013702392578,-0.2214352935552597,-0.01294131949543953,0.10558363795280457,0.13682781159877777,0.046118054538965225,-0.06853602081537247,-0.08914458006620407,0.0,0.0,0.0,0.0,-0.0003438405692577362
0.0,0.0,0.0,-0.0030361691024154425,-0.01163540594279766,0.00861133448779583,0.021089371293783188,0.02918889746069908,0.07384078949689865,0.02198091894388199,-0.031107483431696892,-0.05154202878475189,0.042058054357767105,-0.07338542491197586,-0.16627976298332214,-0.13542884588241577,-0.059079915285110474,0.022151704877614975,0.04875404015183449,0.06321080029010773,-0.08322235941886902,-0.14727593958377838,-0.20238752663135529,-0.15702174603939056,-0.2745581567287445,-0.2884872853755951,-0.25754114985466003,-0.10060413926839828,0.017206886783242226,0.03914138674736023,-0.03285067155957222,-0.1557825654745102,-0.24019214510917664,-0.27296268939971924,-0.20072442293167114,-0.06370764970779419,0.05000842362642288,0.11568362265825272,0.15637712180614471,0.0648413822054863,-0.04671499878168106,-0.06908120959997177,0.0,0.0,0.0,0.0,-0.0003438405692577362
0.0,0.0,0.0,0.0,-0.006792539265006781,-0.003118238877505064,-0.011366387829184532,0.007482073735445738,0.0585053414106369,0.045310355722904205,-0.0664447620511055,-0.0918591096997261,-0.022026386111974716,-0.15079812705516815,-0.16482363641262054,-0.14620791375637054,-0.08101822435855865,-0.0014188210479915142,0.038520339876413345,0.05246127396821976,-0.0658557340502739,-0.11932355910539627,-0.17443515360355377,-0.1626390814781189,-0.2522796392440796,-0.23397259414196014,-0.19529639184474945,-0.0736386701464653,-0.05775170400738716,-0.03581720590591431,-0.07314559817314148,-0.1286584734916687,-0.18254399299621582,-0.14932267367839813,-0.1007135882973671,-0.004292673896998167,0.06049387902021408,0.09051784127950668,0.10619302093982697,0.06860015541315079,0.03537025302648544,-0.03978976979851723,0.01004816871136427,0.004112735390663147,-0.02532757632434368,-0.02532757632434368,-0.002397767035290599
0.0,0.0,0.0,0.0,0.0,0.0,-0.012971349991858006,-0.017578162252902985,0.033366743475198746,0.03244102746248245,-0.048903029412031174,-0.1734769642353058,-0.13674534857273102,-0.14536789059638977,-0.15203943848609924,-0.12065398693084717,-0.08027300983667374,-0.02932441607117653,0.010614744387567043,0.028915759176015854,-0.03199366107583046,-0.0755942091345787,-0.10187394917011261,-0.10806191712617874,-0.1299588978290558,-0.1149173155426979,-0.08623042702674866,-0.045729611068964005,-0.07616769522428513,-0.09291905909776688,-0.09613163769245148,-0.09489338845014572,-0.07622795552015305,-0.03537548705935478,0.005840378347784281,0.03987253084778786,0.03557312488555908,0.026026085019111633,0.050057459622621536,0.0841548815369606,0.06951405853033066,0.04565234109759331,0.020856834948062897,0.004992796573787928,-0.023718710988759995,-0.04819633439183235,-0.012088421732187271
0.0,0.0,0.0,0.0,0.0,0.0,-0.011329244822263718,-0.014005671255290508,0.0020289684180170298,0.0026240043807774782,-0.06737437099218369,-0.1701766848564148,-0.2162989377975464,-0.1904512643814087,-0.17028753459453583,-0.1081923246383667,-0.04645839333534241,-0.0023107039742171764,0.03039182536303997,0.0376647524535656,0.014590279199182987,-0.019188616424798965,-0.0405016764998436,-0.05260317772626877,-0.06241333857178688,-0.06699419021606445,-0.06479515135288239,-0.053611673414707184,-0.08157114684581757,-0.10162311047315598,-0.10964541137218475,-0.10767582803964615,-0.08143897354602814,-0.028248226270079613,0.02812899835407734,0.08926910161972046,0.06659726798534393,0.025398021563887596,-0.0002959369448944926,0.0058406502939760685,0.025522951036691666,0.028087550774216652,0.02490140125155449,0.024180589243769646,0.0005728465621359646,-0.03583116829395294,-0.056624505668878555
0.0,0.0,0.0,0.0,0.0,0.0,-0.011329244822263718,-0.017829226329922676,-0.003506795736029744,-0.011169510893523693,-0.0591878741979599,-0.15317976474761963,-0.21304769814014435,-0.20904934406280518,-0.17438875138759613,-0.10643187165260315,-0.038691066205501556,0.01856287010014057,0.044747430831193924,0.0626949891448021,0.04077395424246788,0.013990801759064198,-0.0055472515523433685,-0.032166291028261185,-0.05179585888981819,-0.08936364203691483,-0.09577034413814545,-0.1004025787115097,-0.10801535099744797,-0.09840113669633865,-0.10833515971899033,-0.11318765580654144,-0.08936188369989395,-0.03617113083600998,0.0350094772875309,0.11755983531475067,0.09390448778867722,0.043451420962810516,-0.019115617498755455,-0.03939485177397728,-0.021197941154241562,-0.011537013575434685,0.00801707524806261,0.018291564658284187,0.011650017462670803,-0.023001208901405334,-0.04222794249653816
0.0,0.0,0.0,0.0,0.0,0.0,-0.003995385020971298,-0.009939446114003658,0.0005353153101168573,-0.02825639583170414,-0.07980908453464508,-0.13665525615215302,-0.20292016863822937,-0.214852973818779,-0.1805504858493805,-0.11165280640125275,-0.038450825959444046,0.02200223319232464,0.06573167443275452,0.08693090826272964,0.06496336311101913,0.03796432912349701,0.006946143694221973,-0.026702864095568657,-0.06712263822555542,-0.10469041764736176,-0.1384410709142685,-0.1516875922679901,-0.12240880727767944,-0.11279459297657013,-0.10565768927335739,-0.11529805511236191,-0.09278581291437149,-0.05266852304339409,0.017497500404715538,0.12373658269643784,0.10395824909210205,0.05190715566277504,-0.012797760777175426,-0.05395558103919029,-0.044864825904369354,-0.027231581509113312,-0.016384907066822052,0.0009561296901665628,-0.0005636296118609607,-0.013519277796149254,-0.025696057826280594
0.0,0.0,0.0,0.0,0.0,0.0,0.0,8.887530566425994e-05,8.887530566425994e-05,-0.010446674190461636,-0.058017294853925705,-0.12374834716320038,-0.18169644474983215,-0.19455811381340027,-0.17050252854824066,-0.12206805497407913,-0.029766831547021866,0.04306774213910103,0.08960339426994324,0.09613767266273499,0.06611274182796478,0.04114269092679024,0.01153345312923193,-0.026583191007375717,-0.07573544979095459,-0.10990320146083832,-0.14073888957500458,-0.17633311450481415,-0.17347948253154755,-0.14739196002483368,-0.11256278306245804,-0.11136946827173233,-0.09522449970245361,-0.06071341782808304,0.0019018620951101184,0.12143781781196594,0.09906443953514099,0.04910805821418762,-0.006296132691204548,-0.05009077489376068,-0.02447635680437088,-0.009499968029558659,-0.0337618887424469,-0.010032161138951778,-0.018504291772842407,-0.03627480939030647,-0.048171769827604294
0.0,0.0,0.0,0.0,0.0,0.0,0.0,0.0,0.0,-0.007305939681828022,-0.04415905475616455,-0.07070497423410416,-0.13204914331436157,-0.17021210491657257,-0.1521940529346466,-0.10687295347452164,-0.020810414105653763,0.029798390343785286,0.06807512044906616,0.06499999761581421,0.042980365455150604,0.03486311435699463,0.005488080903887749,-0.03289618343114853,-0.08342774212360382,-0.11910554021596909,-0.1491968035697937,-0.18362417817115784,-0.19008465111255646,-0.16443991661071777,-0.12850992381572723,-0.10874957591295242,-0.09579871594905853,-0.06128763034939766,-0.008938650600612164,0.1014152467250824,0.0847611054778099,0.046160466969013214,0.003908592741936445,-0.04240009933710098,-0.023719189688563347,-0.012959301471710205,-0.02978481911122799,-0.0011572471121326089,-0.008722619153559208,-0.023556895554065704,-0.041188597679138184
0.0,0.0,0.0,0.0,0.0,0.0,0.0,0.0,0.0,0.0,-0.006736107170581818,-0.014039591886103153,-0.07122757285833359,-0.11375158280134201,-0.12841953337192535,-0.08524544537067413,-0.009275469928979874,0.015615062788128853,0.03278625011444092,0.02122505009174347,0.0091675641015172,0.007151166442781687,-0.01093562413007021,-0.04295269399881363,-0.09656231105327606,-0.13492359220981598,-0.11735309660434723,-0.14492061734199524,-0.16578587889671326,-0.20433910191059113,-0.14109860360622406,-0.11802541464567184,-0.10629261285066605,-0.06571710854768753,-0.013956854119896889,0.08345881849527359,0.08074730634689331,0.049464449286460876,0.008191680535674095,-0.038214728236198425,-0.01559123583137989,0.00012058119318680838,-0.015131121501326561,0.015719091519713402,0.019801117479801178,0.0049668410792946815,-0.022604728117585182
0.0,0.0,0.0,0.0,0.0,0.0,0.0,0.0,0.0,0.0,-0.0016532151494175196,-0.0025223377160727978,-0.007215338293462992,-0.0495544858276844,-0.07205505669116974,-0.05868775025010109,-0.03087407909333706,-0.025705700740218163,-0.024746989831328392,-0.031820327043533325,-0.025700323283672333,-0.026878539472818375,-0.03903656080365181,-0.05699094384908676,-0.11319932341575623,-0.08257903158664703,-0.014685793779790401,-0.017298465594649315,-0.21494367718696594,-0.18658986687660217,-0.04512784630060196,-0.1601628065109253,-0.12464193999767303,-0.0752124935388565,-0.013987733982503414,0.056708116084337234,0.06530392915010452,0.04165859520435333,0.0009857382392510772,-0.025974411517381668,-0.023345177993178368,-0.0086197629570961,0.012284673750400543,0.032389115542173386,0.040621958673000336,0.03255046159029007,0.010713444091379642
0.0,0.0,0.0,0.0,0.0,0.0,0.0,0.003059373004361987,0.009993916377425194,0.0,0.0,0.0,-0.0018713095923885703,-0.027948295697569847,-0.045699454843997955,-0.05221004784107208,-0.042480748146772385,-0.048288729041814804,-0.057415980845689774,-0.058818649500608444,-0.056203193962574005,-0.05677233636379242,-0.025007551535964012,-0.011171748861670494,-0.09928085654973984,-0.06904074549674988,-0.024631069973111153,-0.061532407999038696,-0.22820232808589935,-0.12783551216125488,-0.10068919509649277,-0.18382802605628967,-0.13625521957874298,-0.06038766726851463,0.009991305880248547,0.05596660077571869,0.05610096454620361,0.038716889917850494,0.005690247286111116,-0.009041715413331985,0.002686296356841922,0.01741171069443226,0.041085612028837204,0.05792231857776642,0.06463950872421265,0.0517454631626606,0.027935625985264778
0.0,0.0,0.0,0.0,0.0,0.0,-0.004644449800252914,-0.0015850767958909273,0.019483597949147224,0.00650575989857316,0.0006224713288247585,-0.008004319854080677,-0.003780810162425041,-0.003896173555403948,-0.02164733037352562,-0.050763409584760666,-0.05356139689683914,-0.06974885612726212,-0.11298148334026337,-0.06449590623378754,-0.0702027902007103,-0.058341365307569504,-0.04014904052019119,0.0155817661434412,-0.10855856537818909,-0.12915728986263275,-0.07933107763528824,-0.14120638370513916,-0.20997931063175201,-0.2112557590007782,-0.18410943448543549,-0.202659472823143,-0.13415734469890594,-0.0333835706114769,0.03369718790054321,0.06049461290240288,0.04881405457854271,0.033299967646598816,0.012775321491062641,0.008363773114979267,0.022338788956403732,0.049607641994953156,0.07277028262615204,0.0877590924501419,0.08853936940431595,0.07150404155254364,0.04104023799300194
0.0,0.0,0.0,0.0,0.0,-0.004533750470727682,-0.011361878365278244,-0.008137999102473259,0.0391569584608078,0.015640312805771828,-0.008913315832614899,-0.02646567113697529,-0.003780810162425041,0.0,-0.01973816007375717,-0.056004952639341354,-0.054097071290016174,-0.13679994642734528,-0.15740478038787842,-0.03584640845656395,-0.05147191137075424,-0.04118512570858002,-0.0219802837818861,-0.0008967992616817355,-0.008775152266025543,-0.11212452501058578,-0.20955362915992737,-0.23597078025341034,-0.27637651562690735,-0.26347285509109497,-0.21565087139606476,-0.14696523547172546,-0.04915398731827736,0.03433768078684807,0.08224407583475113,0.07955130189657211,0.05643065646290779,0.034047264605760574,0.018316159024834633,0.02283046953380108,0.044495854526758194,0.07488422095775604,0.10653886944055557,0.11979791522026062,0.11241459846496582,0.08906221389770508,0.052092161029577255
0.0,0.0,0.0,0.0,0.0,-0.0027001958806067705,-0.0027001958806067705,0.004615480545908213,0.030042501166462898,0.01589302346110344,0.0009074590052478015,-0.011668958701193333,-0.003780810162425041,-0.00957818329334259,-0.04534943029284477,-0.02133249305188656,-0.02453063242137432,-0.15324467420578003,-0.15039896965026855,-0.013398278504610062,-0.020278338342905045,-0.020278338342905045,-0.020704690366983414,-0.022732559591531754,-0.07077567279338837,-0.18526363372802734,-0.21275565028190613,-0.24875782430171967,-0.28558409214019775,-0.26431477069854736,-0.18762095272541046,-0.1014370247721672,-0.018026642501354218,0.060710303485393524,0.10797576606273651,0.09597112238407135,0.0632576122879982,0.03229966387152672,0.012152555398643017,0.01638774201273918,0.0393151231110096,0.07048012316226959,0.10210053622722626,0.12667018175125122,0.1364370435476303,0.1139490082859993,0.07658761739730835
0.0,0.0,0.0,0.0,0.0,0.0,0.0,0.0,0.014385317452251911,0.006984523497521877,-0.0009733549086377025,-0.0015892909141257405,-0.002194654894992709,-0.019392671063542366,-0.04337100312113762,-0.01806085743010044,-0.022519154474139214,-0.14886809885501862,-0.16399167478084564,-0.006531786639243364,-0.007327391300350428,-0.009080471470952034,-0.03038124181330204,-0.053151361644268036,-0.13225792348384857,-0.1495034098625183,-0.1769954264163971,-0.25594449043273926,-0.28925856947898865,-0.2599693536758423,-0.17429789900779724,-0.07791303843259811,-0.0040912386029958725,0.06548371911048889,0.11203548312187195,0.09788952022790909,0.05611656606197357,0.01914130710065365,-0.00110258674249053,0.0012658621417358518,0.023058012127876282,0.06145304813981056,0.09481238573789597,0.12965650856494904,0.1557331383228302,0.1422404646873474,0.11161176860332489
0.0,0.0,0.0,0.0,0.0,0.0,0.0,0.0,0.0,-0.0016309006605297327,-0.003960274159908295,-0.005599765572696924,-0.00815215241163969,-0.016572443768382072,-0.03495756909251213,-0.056180767714977264,-0.05192907527089119,-0.10688751935958862,-0.10752076655626297,-0.021663552150130272,-0.02797464095056057,-0.049013372510671616,-0.07250455021858215,-0.08832431584596634,-0.1416005939245224,-0.12815268337726593,-0.13748487830162048,-0.27545809745788574,-0.30387362837791443,-0.2518956959247589,-0.15489891171455383,-0.07368455827236176,-0.014629209414124489,0.04515532776713371,0.092790886759758,0.086860790848732,0.044358108192682266,0.004708437714725733,-0.021970627829432487,-0.026559820398688316,-0.0016892876010388136,0.03792495280504227,0.08534790575504303,0.13216277956962585,0.16881932318210602,0.18019215762615204,0.15985366702079773
0.0,0.0,0.0,0.0,0.0,0.0,0.0,0.0,0.0,-0.013991080224514008,-0.014653565362095833,-0.0018235257593914866,-0.0025808068457990885,-0.003006204729899764,-0.01977204531431198,-0.031123341992497444,-0.09654401987791061,-0.088431715965271,-0.08049070835113525,-0.04330138862133026,-0.038435306400060654,-0.05169626697897911,-0.051810573786497116,-0.0647142231464386,-0.10154715180397034,-0.11269771307706833,-0.13465946912765503,-0.2733628451824188,-0.29890182614326477,-0.2509074807167053,-0.15581250190734863,-0.07094204425811768,-0.01690520904958248,-0.0014650450320914388,0.03200853243470192,0.05729551985859871,0.018543628975749016,-0.01703239418566227,-0.047850076109170914,-0.04401233047246933,-0.006049945019185543,0.035066187381744385,0.07862019538879395,0.11280174553394318,0.15167705714702606,0.19162574410438538,0.19981496036052704
0.0,0.0,0.0,0.0,0.0,0.0,0.0,-0.007614498026669025,-0.014386901631951332,-0.0068338592536747456,-0.00566763523966074,0.0,0.0,0.0,0.0,-0.008701272308826447,-0.08961313217878342,-0.10190346091985703,-0.08854080736637115,-0.052973855286836624,-0.04309961199760437,-0.03336246311664581,-0.03347676992416382,-0.03669096902012825,-0.06291267275810242,-0.074063241481781,-0.12445645779371262,-0.2568846344947815,-0.2857656180858612,-0.2692924737930298,-0.17989066243171692,-0.0990031361579895,-0.02048882469534874,-0.0009149233810603619,-7.366504723904654e-05,0.018365899100899696,-0.011458084918558598,-0.04166557639837265,-0.07248325645923615,-0.06189662590622902,-0.018539438024163246,0.027573151513934135,0.0656924918293953,0.09609106183052063,0.13109689950942993,0.17104557156562805,0.2136324942111969
0.0,0.0,0.0,0.0,0.0,0.0,8.979757694760337e-05,-0.006687241140753031,-0.038315340876579285,-0.013715707696974277,-0.0006925978814251721,-0.0006925978814251721,-0.0006925978814251721,0.0,0.0,-0.008701272308826447,-0.07582002878189087,-0.10431594401597977,-0.09441626816987991,-0.048460833728313446,-0.027150608599185944,-0.017460700124502182,-0.012692083604633808,-0.008217147551476955,-0.037751127034425735,-0.07647160440683365,-0.13583886623382568,-0.22895725071430206,-0.33832353353500366,-0.3204525113105774,-0.22938796877861023,-0.1593036651611328,-0.04999023303389549,0.0,-0.006012031342834234,-0.03552713617682457,-0.057469602674245834,-0.07947445660829544,-0.09134553372859955,-0.06944979727268219,-0.028020674362778664,0.012781834229826927,0.045227404683828354,0.07466969639062881,0.10689034312963486,0.1451989710330963,0.19267524778842926
